13193
  Marvin  12300703363D          

 41 40  0  0  0  0            999 V2000
    7.7946   -4.7821    0.0000 Cl  0  0  0  0  0  0  0  0  0  0  0  0
   -0.2344   -0.3079   -0.0000 C   0  0  0  0  0  0  0  0  0  0  0  0
    1.3077   -0.3377   -0.0000 C   0  0  0  0  0  0  0  0  0  0  0  0
   -0.7748    1.1369   -0.0000 C   0  0  0  0  0  0  0  0  0  0  0  0
    1.8520   -1.7806   -0.0000 C   0  0  0  0  0  0  0  0  0  0  0  0
   -2.3165    1.1702    0.0000 C   0  0  0  0  0  0  0  0  0  0  0  0
    3.3960   -1.8139    0.0000 C   0  0  0  0  0  0  0  0  0  0  0  0
   -2.8631    2.6147    0.0000 C   0  0  0  0  0  0  0  0  0  0  0  0
    3.9456   -3.2568    0.0000 C   0  0  0  0  0  0  0  0  0  0  0  0
   -4.4066    2.6479   -0.0000 C   0  0  0  0  0  0  0  0  0  0  0  0
    5.4914   -3.3057   -0.0000 C   0  0  0  0  0  0  0  0  0  0  0  0
   -4.9741    4.0862    0.0000 C   0  0  0  0  0  0  0  0  0  0  0  0
    6.0350   -4.7499   -0.0000 C   0  0  0  0  0  0  0  0  0  0  0  0
   -6.5148    4.1122    0.0000 C   0  0  0  0  0  0  0  0  0  0  0  0
   -0.6064   -0.8335    0.8848 H   0  0  0  0  0  0  0  0  0  0  0  0
   -0.6064   -0.8335   -0.8848 H   0  0  0  0  0  0  0  0  0  0  0  0
    1.6780    0.1890   -0.8849 H   0  0  0  0  0  0  0  0  0  0  0  0
    1.6780    0.1890    0.8849 H   0  0  0  0  0  0  0  0  0  0  0  0
   -0.4014    1.6613    0.8849 H   0  0  0  0  0  0  0  0  0  0  0  0
   -0.4014    1.6613   -0.8849 H   0  0  0  0  0  0  0  0  0  0  0  0
    1.4782   -2.3052   -0.8845 H   0  0  0  0  0  0  0  0  0  0  0  0
    1.4782   -2.3052    0.8845 H   0  0  0  0  0  0  0  0  0  0  0  0
   -2.6864    0.6428   -0.8845 H   0  0  0  0  0  0  0  0  0  0  0  0
   -2.6864    0.6428    0.8845 H   0  0  0  0  0  0  0  0  0  0  0  0
    3.7644   -1.2854   -0.8843 H   0  0  0  0  0  0  0  0  0  0  0  0
    3.7644   -1.2854    0.8843 H   0  0  0  0  0  0  0  0  0  0  0  0
   -2.4886    3.1388   -0.8844 H   0  0  0  0  0  0  0  0  0  0  0  0
   -2.4886    3.1388    0.8844 H   0  0  0  0  0  0  0  0  0  0  0  0
    3.5681   -3.7796    0.8839 H   0  0  0  0  0  0  0  0  0  0  0  0
    3.5681   -3.7796   -0.8839 H   0  0  0  0  0  0  0  0  0  0  0  0
   -4.7722    2.1168   -0.8840 H   0  0  0  0  0  0  0  0  0  0  0  0
   -4.7722    2.1168    0.8840 H   0  0  0  0  0  0  0  0  0  0  0  0
    5.8637   -2.7804   -0.8842 H   0  0  0  0  0  0  0  0  0  0  0  0
    5.8637   -2.7804    0.8842 H   0  0  0  0  0  0  0  0  0  0  0  0
   -4.6120    4.6198   -0.8831 H   0  0  0  0  0  0  0  0  0  0  0  0
   -4.6120    4.6198    0.8831 H   0  0  0  0  0  0  0  0  0  0  0  0
    5.6861   -5.2841    0.8861 H   0  0  0  0  0  0  0  0  0  0  0  0
    5.6861   -5.2841   -0.8861 H   0  0  0  0  0  0  0  0  0  0  0  0
   -6.8689    5.1438   -0.0000 H   0  0  0  0  0  0  0  0  0  0  0  0
   -6.9059    3.6110    0.8877 H   0  0  0  0  0  0  0  0  0  0  0  0
   -6.9059    3.6110   -0.8877 H   0  0  0  0  0  0  0  0  0  0  0  0
  1 13  1  0  0  0  0
  2  3  1  0  0  0  0
  2  4  1  0  0  0  0
  2 15  1  0  0  0  0
  2 16  1  0  0  0  0
  3  5  1  0  0  0  0
  3 17  1  0  0  0  0
  3 18  1  0  0  0  0
  4  6  1  0  0  0  0
  4 19  1  0  0  0  0
  4 20  1  0  0  0  0
  5  7  1  0  0  0  0
  5 21  1  0  0  0  0
  5 22  1  0  0  0  0
  6  8  1  0  0  0  0
  6 23  1  0  0  0  0
  6 24  1  0  0  0  0
  7  9  1  0  0  0  0
  7 25  1  0  0  0  0
  7 26  1  0  0  0  0
  8 10  1  0  0  0  0
  8 27  1  0  0  0  0
  8 28  1  0  0  0  0
  9 11  1  0  0  0  0
  9 29  1  0  0  0  0
  9 30  1  0  0  0  0
 10 12  1  0  0  0  0
 10 31  1  0  0  0  0
 10 32  1  0  0  0  0
 11 13  1  0  0  0  0
 11 33  1  0  0  0  0
 11 34  1  0  0  0  0
 12 14  1  0  0  0  0
 12 35  1  0  0  0  0
 12 36  1  0  0  0  0
 13 37  1  0  0  0  0
 13 38  1  0  0  0  0
 14 39  1  0  0  0  0
 14 40  1  0  0  0  0
 14 41  1  0  0  0  0
M  END
$$$$
