
  Marvin  01010807163D          

  8  8  0  0  0  0            999 V2000
   -1.3685   -2.3702    1.2608 C   0  0  0  0  0  0  0  0  0  0  0  0
   -1.0408   -1.8028   -0.1339 C   0  0  0  0  0  0  0  0  0  0  0  0
   -0.3046   -0.5275   -0.1576 C   0  0  0  0  0  0  0  0  0  0  0  0
    1.1327   -0.5484   -0.1810 C   0  0  0  0  0  0  0  0  0  0  0  0
    1.8518    0.6875   -0.2006 C   0  0  0  0  0  0  0  0  0  0  0  0
    1.1012    1.9074   -0.2062 C   0  0  0  0  0  0  0  0  0  0  0  0
   -0.3305    1.9474   -0.2006 C   0  0  0  0  0  0  0  0  0  0  0  0
   -1.0413    0.7067   -0.1810 C   0  0  0  0  0  0  0  0  0  0  0  0
  1  2  1  0  0  0  0
  2  3  1  0  0  0  0
  3  4  1  0  0  0  0
  3  8  2  0  0  0  0
  4  5  2  0  0  0  0
  5  6  1  0  0  0  0
  6  7  2  0  0  0  0
  7  8  1  0  0  0  0
M  END
$$$$
