6278
  Marvin  12300703363D          

  8  7  0  0  0  0            999 V2000
    1.3167    1.6404   -0.0000 Cl  0  0  0  0  0  0  0  0  0  0  0  0
    1.3167   -0.8202    1.4206 Cl  0  0  0  0  0  0  0  0  0  0  0  0
    1.3167   -0.8202   -1.4206 Cl  0  0  0  0  0  0  0  0  0  0  0  0
    0.6775    0.0000    0.0000 C   0  0  2  0  0  0  0  0  0  0  0  0
   -0.8658   -0.0000   -0.0000 C   0  0  0  0  0  0  0  0  0  0  0  0
   -1.2539   -1.0207   -0.0000 H   0  0  0  0  0  0  0  0  0  0  0  0
   -1.2539    0.5104   -0.8840 H   0  0  0  0  0  0  0  0  0  0  0  0
   -1.2539    0.5104    0.8840 H   0  0  0  0  0  0  0  0  0  0  0  0
  1  4  1  0  0  0  0
  2  4  1  0  0  0  0
  3  4  1  0  0  0  0
  4  5  1  0  0  0  0
  5  6  1  0  0  0  0
  5  7  1  0  0  0  0
  5  8  1  0  0  0  0
M  END
$$$$
