17186
  Marvin  12300703363D          

 35 34  0  0  0  0            999 V2000
    6.0875   -5.0432   -0.0000 Cl  0  0  0  0  0  0  0  0  0  0  0  0
   -0.2934   -0.3885   -0.0000 C   0  0  0  0  0  0  0  0  0  0  0  0
    1.2522   -0.4318    0.0000 C   0  0  0  0  0  0  0  0  0  0  0  0
   -0.8513    1.0533   -0.0000 C   0  0  0  0  0  0  0  0  0  0  0  0
    1.8110   -1.8736    0.0000 C   0  0  0  0  0  0  0  0  0  0  0  0
   -2.3972    1.0994    0.0000 C   0  0  0  0  0  0  0  0  0  0  0  0
    3.3577   -1.9199   -0.0000 C   0  0  0  0  0  0  0  0  0  0  0  0
   -2.9521    2.5438   -0.0000 C   0  0  0  0  0  0  0  0  0  0  0  0
    3.9258   -3.3591   -0.0000 C   0  0  0  0  0  0  0  0  0  0  0  0
   -4.4978    2.6063   -0.0000 C   0  0  0  0  0  0  0  0  0  0  0  0
    5.4701   -3.3950    0.0000 C   0  0  0  0  0  0  0  0  0  0  0  0
   -5.0416    4.0499    0.0000 C   0  0  0  0  0  0  0  0  0  0  0  0
   -0.6653   -0.9148    0.8831 H   0  0  0  0  0  0  0  0  0  0  0  0
   -0.6653   -0.9148   -0.8831 H   0  0  0  0  0  0  0  0  0  0  0  0
    1.6235    0.0960   -0.8828 H   0  0  0  0  0  0  0  0  0  0  0  0
    1.6235    0.0960    0.8828 H   0  0  0  0  0  0  0  0  0  0  0  0
   -0.4778    1.5794    0.8829 H   0  0  0  0  0  0  0  0  0  0  0  0
   -0.4778    1.5794   -0.8829 H   0  0  0  0  0  0  0  0  0  0  0  0
    1.4373   -2.3996   -0.8827 H   0  0  0  0  0  0  0  0  0  0  0  0
    1.4373   -2.3996    0.8827 H   0  0  0  0  0  0  0  0  0  0  0  0
   -2.7694    0.5725   -0.8829 H   0  0  0  0  0  0  0  0  0  0  0  0
   -2.7694    0.5725    0.8829 H   0  0  0  0  0  0  0  0  0  0  0  0
    3.7256   -1.3897   -0.8825 H   0  0  0  0  0  0  0  0  0  0  0  0
    3.7256   -1.3897    0.8825 H   0  0  0  0  0  0  0  0  0  0  0  0
   -2.5740    3.0664   -0.8828 H   0  0  0  0  0  0  0  0  0  0  0  0
   -2.5740    3.0664    0.8828 H   0  0  0  0  0  0  0  0  0  0  0  0
    3.5566   -3.8872   -0.8834 H   0  0  0  0  0  0  0  0  0  0  0  0
    3.5566   -3.8872    0.8834 H   0  0  0  0  0  0  0  0  0  0  0  0
   -4.8829    2.0886   -0.8823 H   0  0  0  0  0  0  0  0  0  0  0  0
   -4.8829    2.0886    0.8823 H   0  0  0  0  0  0  0  0  0  0  0  0
    5.8598   -2.8896    0.8858 H   0  0  0  0  0  0  0  0  0  0  0  0
    5.8598   -2.8896   -0.8858 H   0  0  0  0  0  0  0  0  0  0  0  0
   -6.1324    4.0384   -0.0000 H   0  0  0  0  0  0  0  0  0  0  0  0
   -4.7026    4.5881    0.8873 H   0  0  0  0  0  0  0  0  0  0  0  0
   -4.7026    4.5881   -0.8873 H   0  0  0  0  0  0  0  0  0  0  0  0
  1 11  1  0  0  0  0
  2  3  1  0  0  0  0
  2  4  1  0  0  0  0
  2 13  1  0  0  0  0
  2 14  1  0  0  0  0
  3  5  1  0  0  0  0
  3 15  1  0  0  0  0
  3 16  1  0  0  0  0
  4  6  1  0  0  0  0
  4 17  1  0  0  0  0
  4 18  1  0  0  0  0
  5  7  1  0  0  0  0
  5 19  1  0  0  0  0
  5 20  1  0  0  0  0
  6  8  1  0  0  0  0
  6 21  1  0  0  0  0
  6 22  1  0  0  0  0
  7  9  1  0  0  0  0
  7 23  1  0  0  0  0
  7 24  1  0  0  0  0
  8 10  1  0  0  0  0
  8 25  1  0  0  0  0
  8 26  1  0  0  0  0
  9 11  1  0  0  0  0
  9 27  1  0  0  0  0
  9 28  1  0  0  0  0
 10 12  1  0  0  0  0
 10 29  1  0  0  0  0
 10 30  1  0  0  0  0
 11 31  1  0  0  0  0
 11 32  1  0  0  0  0
 12 33  1  0  0  0  0
 12 34  1  0  0  0  0
 12 35  1  0  0  0  0
M  END
$$$$
