24864
  -OEChem-02070708212D

  9  6  0     0  0  0  0  0  0999 V2000
    0.0000    2.2500    0.0000 Hg  0  2  0  0  0  0  0  0  0  0  0  0
    2.5000    1.5000    0.0000 O   0  5  0  0  0  0  0  0  0  0  0  0
    3.3660    0.0000    0.0000 O   0  5  0  0  0  0  0  0  0  0  0  0
    2.5000    5.0000    0.0000 O   0  5  0  0  0  0  0  0  0  0  0  0
    3.3660    3.5000    0.0000 O   0  5  0  0  0  0  0  0  0  0  0  0
    4.2321    1.5000    0.0000 O   0  0  0  0  0  0  0  0  0  0  0  0
    4.2321    5.0000    0.0000 O   0  0  0  0  0  0  0  0  0  0  0  0
    3.3660    1.0000    0.0000 N   0  3  0  0  0  0  0  0  0  0  0  0
    3.3660    4.5000    0.0000 N   0  3  0  0  0  0  0  0  0  0  0  0
  2  8  1  0  0  0  0
  3  8  1  0  0  0  0
  4  9  1  0  0  0  0
  5  9  1  0  0  0  0
  6  8  2  0  0  0  0
  7  9  2  0  0  0  0
M  CHG  7   1   2   2  -1   3  -1   4  -1   5  -1   8   1   9   1
M  END
$$$$
