5943
  Marvin  12300703363D          

  5  4  0  0  0  0            999 V2000
    1.7570   -0.0000    0.0000 Cl  0  0  0  0  0  0  0  0  0  0  0  0
   -0.5857    1.6565    0.0000 Cl  0  0  0  0  0  0  0  0  0  0  0  0
   -0.5857   -0.8283    1.4346 Cl  0  0  0  0  0  0  0  0  0  0  0  0
   -0.5857   -0.8283   -1.4346 Cl  0  0  0  0  0  0  0  0  0  0  0  0
   -0.0000   -0.0000    0.0000 C   0  0  2  0  0  0  0  0  0  0  0  0
  1  5  1  0  0  0  0
  2  5  1  0  0  0  0
  3  5  1  0  0  0  0
  4  5  1  0  0  0  0
M  END
$$$$
