6354
  Marvin  12300703363D          

  7  7  0  0  0  0            999 V2000
   -0.9953   -0.6385   -0.0024 O   0  0  0  0  0  0  0  0  0  0  0  0
    0.4334   -0.6220    0.0333 C   0  0  0  0  0  0  0  0  0  0  0  0
   -0.3831    0.6527   -0.0330 C   0  0  0  0  0  0  0  0  0  0  0  0
    0.8759   -0.8649    1.0003 H   0  0  0  0  0  0  0  0  0  0  0  0
    0.9365   -0.9142   -0.8886 H   0  0  0  0  0  0  0  0  0  0  0  0
   -0.4192    1.1574   -0.9992 H   0  0  0  0  0  0  0  0  0  0  0  0
   -0.4482    1.2296    0.8896 H   0  0  0  0  0  0  0  0  0  0  0  0
  1  2  1  0  0  0  0
  1  3  1  0  0  0  0
  2  3  1  0  0  0  0
  2  4  1  0  0  0  0
  2  5  1  0  0  0  0
  3  6  1  0  0  0  0
  3  7  1  0  0  0  0
M  END
$$$$
