13848
  -OEChem-02070708202D

 32 31  0     0  0  0  0  0  0999 V2000
    2.0000    0.2500    0.0000 Cl  0  0  0  0  0  0  0  0  0  0  0  0
    6.3301   -0.2500    0.0000 C   0  0  0  0  0  0  0  0  0  0  0  0
    7.1962    0.2500    0.0000 C   0  0  0  0  0  0  0  0  0  0  0  0
    5.4641    0.2500    0.0000 C   0  0  0  0  0  0  0  0  0  0  0  0
    8.0622   -0.2500    0.0000 C   0  0  0  0  0  0  0  0  0  0  0  0
    4.5981   -0.2500    0.0000 C   0  0  0  0  0  0  0  0  0  0  0  0
    8.9282    0.2500    0.0000 C   0  0  0  0  0  0  0  0  0  0  0  0
    3.7321    0.2500    0.0000 C   0  0  0  0  0  0  0  0  0  0  0  0
    9.7942   -0.2500    0.0000 C   0  0  0  0  0  0  0  0  0  0  0  0
    2.8660   -0.2500    0.0000 C   0  0  0  0  0  0  0  0  0  0  0  0
   10.6603    0.2500    0.0000 C   0  0  0  0  0  0  0  0  0  0  0  0
    6.7287   -0.7249    0.0000 H   0  0  0  0  0  0  0  0  0  0  0  0
    5.9316   -0.7249    0.0000 H   0  0  0  0  0  0  0  0  0  0  0  0
    6.7976    0.7249    0.0000 H   0  0  0  0  0  0  0  0  0  0  0  0
    7.5947    0.7249    0.0000 H   0  0  0  0  0  0  0  0  0  0  0  0
    5.0656    0.7249    0.0000 H   0  0  0  0  0  0  0  0  0  0  0  0
    5.8626    0.7249    0.0000 H   0  0  0  0  0  0  0  0  0  0  0  0
    8.4607   -0.7249    0.0000 H   0  0  0  0  0  0  0  0  0  0  0  0
    7.6636   -0.7249    0.0000 H   0  0  0  0  0  0  0  0  0  0  0  0
    4.9966   -0.7249    0.0000 H   0  0  0  0  0  0  0  0  0  0  0  0
    4.1995   -0.7249    0.0000 H   0  0  0  0  0  0  0  0  0  0  0  0
    8.5297    0.7249    0.0000 H   0  0  0  0  0  0  0  0  0  0  0  0
    9.3267    0.7249    0.0000 H   0  0  0  0  0  0  0  0  0  0  0  0
    3.3335    0.7249    0.0000 H   0  0  0  0  0  0  0  0  0  0  0  0
    4.1306    0.7249    0.0000 H   0  0  0  0  0  0  0  0  0  0  0  0
   10.1928   -0.7249    0.0000 H   0  0  0  0  0  0  0  0  0  0  0  0
    9.3957   -0.7249    0.0000 H   0  0  0  0  0  0  0  0  0  0  0  0
    3.2646   -0.7249    0.0000 H   0  0  0  0  0  0  0  0  0  0  0  0
    2.4675   -0.7249    0.0000 H   0  0  0  0  0  0  0  0  0  0  0  0
   10.9703   -0.2869    0.0000 H   0  0  0  0  0  0  0  0  0  0  0  0
   11.1972    0.5600    0.0000 H   0  0  0  0  0  0  0  0  0  0  0  0
   10.3503    0.7869    0.0000 H   0  0  0  0  0  0  0  0  0  0  0  0
  1 10  1  0  0  0  0
  2  3  1  0  0  0  0
  2  4  1  0  0  0  0
  2 12  1  0  0  0  0
  2 13  1  0  0  0  0
  3  5  1  0  0  0  0
  3 14  1  0  0  0  0
  3 15  1  0  0  0  0
  4  6  1  0  0  0  0
  4 16  1  0  0  0  0
  4 17  1  0  0  0  0
  5  7  1  0  0  0  0
  5 18  1  0  0  0  0
  5 19  1  0  0  0  0
  6  8  1  0  0  0  0
  6 20  1  0  0  0  0
  6 21  1  0  0  0  0
  7  9  1  0  0  0  0
  7 22  1  0  0  0  0
  7 23  1  0  0  0  0
  8 10  1  0  0  0  0
  8 24  1  0  0  0  0
  8 25  1  0  0  0  0
  9 11  1  0  0  0  0
  9 26  1  0  0  0  0
  9 27  1  0  0  0  0
 10 28  1  0  0  0  0
 10 29  1  0  0  0  0
 11 30  1  0  0  0  0
 11 31  1  0  0  0  0
 11 32  1  0  0  0  0
M  END
$$$$
