22985
  4854              3D

  9  7  0  0  0  0  0  0  0  0999 V2000
    1.3405   -0.0082    0.0918 N   0  3  0  0  0  0  0  0  0  0  0  0
    0.6798   -0.7759   -0.1602 H   0  0  0  0  0  0  0  0  0  0  0  0
    0.6605    0.7707    0.2340 H   0  0  0  0  0  0  0  0  0  0  0  0
    1.9476    0.2003   -0.6952 H   0  0  0  0  0  0  0  0  0  0  0  0
    1.8008   -0.2262    0.9707 H   0  0  0  0  0  0  0  0  0  0  0  0
   -0.9832    1.0325    0.1926 O   0  5  0  0  0  0  0  0  0  0  0  0
   -2.8568    0.0166   -0.1925 O   0  5  0  0  0  0  0  0  0  0  0  0
   -0.9599   -1.0198   -0.3295 O   0  0  0  0  0  0  0  0  0  0  0  0
   -1.6294    0.0100   -0.1117 N   0  3  0  0  0  0  0  0  0  0  0  0
  6  9  1  0  0  0  0
  7  9  1  0  0  0  0
  8  9  2  0  0  0  0
  1  2  1  0  0  0  0
  1  3  1  0  0  0  0
  1  4  1  0  0  0  0
  1  5  1  0  0  0  0
M  CHG  4   6  -1   7  -1   1   1   9   1
M  END
>  <energy>
-101.26264683237332

$$$$
