104942
  Marvin  01040808023D          

 22 23  0  0  0  0            999 V2000
   -0.6064    4.6945   -0.0000 Br  0  0  0  0  0  0  0  0  0  0  0  0
    0.6064   -4.6945    0.0000 Br  0  0  0  0  0  0  0  0  0  0  0  0
    4.3687    1.8221   -0.0000 Br  0  0  0  0  0  0  0  0  0  0  0  0
   -4.3687   -1.8221    0.0000 Br  0  0  0  0  0  0  0  0  0  0  0  0
    2.7427    4.7505   -0.0000 Br  0  0  0  0  0  0  0  0  0  0  0  0
   -2.7427   -4.7505   -0.0000 Br  0  0  0  0  0  0  0  0  0  0  0  0
    0.3632    0.6290   -0.0000 C   0  0  0  0  0  0  0  0  0  0  0  0
   -0.3632   -0.6290    0.0000 C   0  0  0  0  0  0  0  0  0  0  0  0
    1.7842    0.7037    0.0000 C   0  0  0  0  0  0  0  0  0  0  0  0
   -1.7842   -0.7037   -0.0000 C   0  0  0  0  0  0  0  0  0  0  0  0
   -0.2827    1.8970    0.0000 C   0  0  0  0  0  0  0  0  0  0  0  0
    0.2827   -1.8970    0.0000 C   0  0  0  0  0  0  0  0  0  0  0  0
    0.4031    3.1261   -0.0000 C   0  0  0  0  0  0  0  0  0  0  0  0
   -0.4031   -3.1261    0.0000 C   0  0  0  0  0  0  0  0  0  0  0  0
    2.5057    1.9121   -0.0000 C   0  0  0  0  0  0  0  0  0  0  0  0
   -2.5057   -1.9121   -0.0000 C   0  0  0  0  0  0  0  0  0  0  0  0
    1.8104    3.1358    0.0000 C   0  0  0  0  0  0  0  0  0  0  0  0
   -1.8104   -3.1358    0.0000 C   0  0  0  0  0  0  0  0  0  0  0  0
    2.3680   -0.1291   -0.0000 H   0  0  0  0  0  0  0  0  0  0  0  0
   -2.3680    0.1291   -0.0000 H   0  0  0  0  0  0  0  0  0  0  0  0
   -1.2958    1.9862    0.0000 H   0  0  0  0  0  0  0  0  0  0  0  0
    1.2958   -1.9862   -0.0000 H   0  0  0  0  0  0  0  0  0  0  0  0
  1 13  1  0  0  0  0
  2 14  1  0  0  0  0
  3 15  1  0  0  0  0
  4 16  1  0  0  0  0
  5 17  1  0  0  0  0
  6 18  1  0  0  0  0
  7  8  1  0  0  0  0
  7  9  2  0  0  0  0
  7 11  1  0  0  0  0
  8 10  2  0  0  0  0
  8 12  1  0  0  0  0
  9 15  1  0  0  0  0
  9 19  1  0  0  0  0
 10 16  1  0  0  0  0
 10 20  1  0  0  0  0
 11 13  2  0  0  0  0
 11 21  1  0  0  0  0
 12 14  2  0  0  0  0
 12 22  1  0  0  0  0
 13 17  1  0  0  0  0
 14 18  1  0  0  0  0
 15 17  2  0  0  0  0
 16 18  2  0  0  0  0
M  END
> <PUBCHEM_BONDANNOTATIONS>
10  16  8
11  13  8
12  14  8
13  17  8
14  18  8
15  17  8
16  18  8
7  11  8
7  9  8
8  10  8
8  12  8
9  15  8

$$$$
