2730
  Marvin  12300703363D          

 29 29  0  0  0  0            999 V2000
    1.7712    1.6773    2.2143 Cl  0  0  0  0  0  0  0  0  0  0  0  0
   -2.8624    4.2755    1.6744 Cl  0  0  0  0  0  0  0  0  0  0  0  0
   -4.3669    1.3525    1.6502 Cl  0  0  0  0  0  0  0  0  0  0  0  0
    0.9964   -3.1472    0.9289 S   0  0  0  0  0  0  0  0  0  0  0  0
    0.3829   -1.3931    0.4378 P   0  0  2  0  0  0  0  0  0  0  0  0
   -0.7575   -1.5514   -0.4640 O   0  0  0  0  0  0  0  0  0  0  0  0
    1.3905   -0.5813   -0.2422 O   0  0  0  0  0  0  0  0  0  0  0  0
   -0.0268   -0.7400    1.6780 O   0  0  0  0  0  0  0  0  0  0  0  0
   -1.9494    0.4155    1.7000 N   0  0  0  0  0  0  0  0  0  0  0  0
   -0.7612   -1.8645   -1.7695 C   0  0  0  0  0  0  0  0  0  0  0  0
    2.7256   -0.6195   -0.2442 C   0  0  0  0  0  0  0  0  0  0  0  0
   -0.5931    0.3889    1.7735 C   0  0  0  0  0  0  0  0  0  0  0  0
   -2.1935   -1.9687   -2.3262 C   0  0  0  0  0  0  0  0  0  0  0  0
    3.2825    0.6054   -0.9963 C   0  0  0  0  0  0  0  0  0  0  0  0
    0.1017    1.6087    1.9397 C   0  0  0  0  0  0  0  0  0  0  0  0
   -0.6287    2.8122    1.8830 C   0  0  0  0  0  0  0  0  0  0  0  0
   -2.0322    2.8002    1.7581 C   0  0  0  0  0  0  0  0  0  0  0  0
   -2.6888    1.5520    1.7095 C   0  0  0  0  0  0  0  0  0  0  0  0
   -0.2382   -1.0976   -2.3496 H   0  0  0  0  0  0  0  0  0  0  0  0
   -0.2614   -2.8223   -1.9447 H   0  0  0  0  0  0  0  0  0  0  0  0
    3.1284   -0.6235    0.7727 H   0  0  0  0  0  0  0  0  0  0  0  0
    3.0700   -1.5225   -0.7551 H   0  0  0  0  0  0  0  0  0  0  0  0
   -2.1604   -2.2537   -3.3804 H   0  0  0  0  0  0  0  0  0  0  0  0
   -2.7098   -1.0102   -2.2476 H   0  0  0  0  0  0  0  0  0  0  0  0
   -2.7655   -2.7243   -1.7852 H   0  0  0  0  0  0  0  0  0  0  0  0
    4.3741    0.5885   -0.9782 H   0  0  0  0  0  0  0  0  0  0  0  0
    2.9541    0.6015   -2.0370 H   0  0  0  0  0  0  0  0  0  0  0  0
    2.9499    1.5365   -0.5350 H   0  0  0  0  0  0  0  0  0  0  0  0
   -0.1317    3.7053    1.9352 H   0  0  0  0  0  0  0  0  0  0  0  0
  1 15  1  0  0  0  0
  2 17  1  0  0  0  0
  3 18  1  0  0  0  0
  4  5  2  0  0  0  0
  5  6  1  0  0  0  0
  5  7  1  0  0  0  0
  5  8  1  0  0  0  0
  6 10  1  0  0  0  0
  7 11  1  0  0  0  0
  8 12  1  0  0  0  0
  9 12  2  0  0  0  0
  9 18  1  0  0  0  0
 10 13  1  0  0  0  0
 10 19  1  0  0  0  0
 10 20  1  0  0  0  0
 11 14  1  0  0  0  0
 11 21  1  0  0  0  0
 11 22  1  0  0  0  0
 12 15  1  0  0  0  0
 13 23  1  0  0  0  0
 13 24  1  0  0  0  0
 13 25  1  0  0  0  0
 14 26  1  0  0  0  0
 14 27  1  0  0  0  0
 14 28  1  0  0  0  0
 15 16  2  0  0  0  0
 16 17  1  0  0  0  0
 16 29  1  0  0  0  0
 17 18  2  0  0  0  0
M  END
> <PUBCHEM_BONDANNOTATIONS>
12  15  8
15  16  8
16  17  8
17  18  8
9  12  8
9  18  8

$$$$
