9909408
  4854              3D

 41 42  0  0  0  0  0  0  0  0999 V2000
   -5.4321   -1.3654   -0.4427 O   0  5  0  0  0  0  0  0  0  0  0  0
   -7.2343   -0.3725   -1.4417 O   0  0  0  0  0  0  0  0  0  0  0  0
   -5.2732    0.8795   -1.1270 C   0  0  0  0  0  0  0  0  0  0  0  0
   -6.0557   -0.4145   -0.9893 C   0  0  0  0  0  0  0  0  0  0  0  0
   -4.2600    0.7726   -0.7287 H   0  0  0  0  0  0  0  0  0  0  0  0
   -5.2012    1.1608   -2.1826 H   0  0  0  0  0  0  0  0  0  0  0  0
   -5.7768    1.6816   -0.5792 H   0  0  0  0  0  0  0  0  0  0  0  0
    1.6522    0.0211    0.8167 Sn  0  3  0  0  0  0  0  0  0  0  0  0
    2.3074   -1.5998   -0.3294 C   0  0  0  0  0  0  0  0  0  0  0  0
   -0.3912   -0.3335    1.0810 C   0  0  0  0  0  0  0  0  0  0  0  0
    1.0307    1.4911   -0.5365 C   0  0  0  0  0  0  0  0  0  0  0  0
    2.0518   -2.8609    0.2198 C   0  0  0  0  0  0  0  0  0  0  0  0
   -1.7153   -0.5748    1.0404 C   0  0  0  0  0  0  0  0  0  0  0  0
    2.2460    2.0699   -0.0094 C   0  0  0  0  0  0  0  0  0  0  0  0
    2.9401   -1.4918   -1.5617 C   0  0  0  0  0  0  0  0  0  0  0  0
    0.2753   -0.1359    2.3641 C   0  0  0  0  0  0  0  0  0  0  0  0
    0.3066    2.1595   -1.4655 C   0  0  0  0  0  0  0  0  0  0  0  0
    2.4321   -4.0106   -0.4715 C   0  0  0  0  0  0  0  0  0  0  0  0
   -2.4515   -0.6191    2.2304 C   0  0  0  0  0  0  0  0  0  0  0  0
    2.6690    3.3161   -0.4558 C   0  0  0  0  0  0  0  0  0  0  0  0
    3.3225   -2.6419   -2.2510 C   0  0  0  0  0  0  0  0  0  0  0  0
   -0.4622   -0.1815    3.5392 C   0  0  0  0  0  0  0  0  0  0  0  0
    0.7350    3.4153   -1.9063 C   0  0  0  0  0  0  0  0  0  0  0  0
    3.0681   -3.9015   -1.7072 C   0  0  0  0  0  0  0  0  0  0  0  0
   -1.8319   -0.4223    3.4702 C   0  0  0  0  0  0  0  0  0  0  0  0
    1.9068    3.9921   -1.4064 C   0  0  0  0  0  0  0  0  0  0  0  0
    1.5546   -2.9447    1.1812 H   0  0  0  0  0  0  0  0  0  0  0  0
   -2.2198   -0.7258    0.0921 H   0  0  0  0  0  0  0  0  0  0  0  0
    2.8218    1.5199    0.7290 H   0  0  0  0  0  0  0  0  0  0  0  0
    3.1356   -0.5133   -1.9895 H   0  0  0  0  0  0  0  0  0  0  0  0
    1.3467    0.0419    2.3827 H   0  0  0  0  0  0  0  0  0  0  0  0
   -0.6061    1.7301   -1.8670 H   0  0  0  0  0  0  0  0  0  0  0  0
    2.2298   -4.9898   -0.0482 H   0  0  0  0  0  0  0  0  0  0  0  0
   -3.5223   -0.8066    2.1931 H   0  0  0  0  0  0  0  0  0  0  0  0
    3.5802    3.7586   -0.0691 H   0  0  0  0  0  0  0  0  0  0  0  0
    3.8161   -2.5560   -3.2145 H   0  0  0  0  0  0  0  0  0  0  0  0
    0.0210   -0.0298    4.4971 H   0  0  0  0  0  0  0  0  0  0  0  0
    0.1481    3.9517   -2.6487 H   0  0  0  0  0  0  0  0  0  0  0  0
    3.3644   -4.7964   -2.2469 H   0  0  0  0  0  0  0  0  0  0  0  0
   -2.4255   -0.4570    4.3799 H   0  0  0  0  0  0  0  0  0  0  0  0
    2.2213    4.9698   -1.7605 H   0  0  0  0  0  0  0  0  0  0  0  0
 15 30  1  0  0  0  0
  8  9  1  0  0  0  0
  8 10  1  0  0  0  0
  8 11  1  0  0  0  0
  1  4  1  0  0  0  0
  2  4  2  0  0  0  0
  9 12  2  0  0  0  0
  9 15  1  0  0  0  0
 10 13  2  0  0  0  0
 10 16  1  0  0  0  0
 11 14  2  0  0  0  0
 11 17  1  0  0  0  0
 12 18  1  0  0  0  0
 12 27  1  0  0  0  0
 13 19  1  0  0  0  0
 13 28  1  0  0  0  0
 14 20  1  0  0  0  0
 14 29  1  0  0  0  0
 15 21  2  0  0  0  0
 16 22  2  0  0  0  0
 16 31  1  0  0  0  0
 17 23  2  0  0  0  0
 17 32  1  0  0  0  0
 18 24  2  0  0  0  0
 18 33  1  0  0  0  0
 19 25  2  0  0  0  0
 19 34  1  0  0  0  0
  3  5  1  0  0  0  0
 20 26  2  0  0  0  0
 20 35  1  0  0  0  0
 21 24  1  0  0  0  0
 21 36  1  0  0  0  0
 22 25  1  0  0  0  0
 22 37  1  0  0  0  0
 23 26  1  0  0  0  0
 23 38  1  0  0  0  0
 24 39  1  0  0  0  0
 25 40  1  0  0  0  0
 26 41  1  0  0  0  0
  3  4  1  0  0  0  0
  3  6  1  0  0  0  0
  3  7  1  0  0  0  0
M  CHG  2   8   1   1  -1
M  END
>  <PUBCHEM_BONDANNOTATIONS>
10  16  8
11  17  8
12  18  8
13  19  8
14  20  8
15  21  8
16  19  8
17  20  8
18  21  8
4  10  8
4  7  8
5  11  8
5  8  8
6  12  8
6  9  8
7  13  8
8  14  8
9  15  8

>  <energy>
34.16804622838616

$$$$
9909408_1
  4854              3D

 41 42  0  0  0  0  0  0  0  0999 V2000
   -5.2269   -0.5739   -2.2411 O   0  5  0  0  0  0  0  0  0  0  0  0
   -7.3776   -1.0134   -1.5952 O   0  0  0  0  0  0  0  0  0  0  0  0
   -5.6475   -1.2639   -0.0294 C   0  0  0  0  0  0  0  0  0  0  0  0
   -6.1305   -0.9185   -1.4279 C   0  0  0  0  0  0  0  0  0  0  0  0
   -4.5553   -1.2762    0.0206 H   0  0  0  0  0  0  0  0  0  0  0  0
   -6.0178   -0.5185    0.6824 H   0  0  0  0  0  0  0  0  0  0  0  0
   -6.0160   -2.2511    0.2649 H   0  0  0  0  0  0  0  0  0  0  0  0
    1.7085    0.0219    0.9533 Sn  0  3  0  0  0  0  0  0  0  0  0  0
    1.9834    1.4370   -0.5621 C   0  0  0  0  0  0  0  0  0  0  0  0
   -0.3435   -0.1821    1.2890 C   0  0  0  0  0  0  0  0  0  0  0  0
    1.3834   -1.3425   -0.5941 C   0  0  0  0  0  0  0  0  0  0  0  0
    1.9996    1.7904   -1.8782 C   0  0  0  0  0  0  0  0  0  0  0  0
    0.4392   -0.1216    2.5198 C   0  0  0  0  0  0  0  0  0  0  0  0
    0.7853   -1.8678   -1.6940 C   0  0  0  0  0  0  0  0  0  0  0  0
    2.1651    2.4286    0.4515 C   0  0  0  0  0  0  0  0  0  0  0  0
   -1.6797   -0.3131    1.3521 C   0  0  0  0  0  0  0  0  0  0  0  0
    2.5388   -1.9806   -0.0212 C   0  0  0  0  0  0  0  0  0  0  0  0
    2.1677    3.1299   -2.2336 C   0  0  0  0  0  0  0  0  0  0  0  0
   -0.1949   -0.1884    3.7515 C   0  0  0  0  0  0  0  0  0  0  0  0
    1.2996   -3.0307   -2.2727 C   0  0  0  0  0  0  0  0  0  0  0  0
    2.3220    3.7625    0.0953 C   0  0  0  0  0  0  0  0  0  0  0  0
   -2.3141   -0.3716    2.5995 C   0  0  0  0  0  0  0  0  0  0  0  0
    3.0513   -3.1320   -0.6039 C   0  0  0  0  0  0  0  0  0  0  0  0
    2.3183    4.1141   -1.2524 C   0  0  0  0  0  0  0  0  0  0  0  0
   -1.5809   -0.3097    3.7900 C   0  0  0  0  0  0  0  0  0  0  0  0
    2.4298   -3.6559   -1.7356 C   0  0  0  0  0  0  0  0  0  0  0  0
    1.8637    1.0388   -2.6496 H   0  0  0  0  0  0  0  0  0  0  0  0
    1.5179   -0.0293    2.4556 H   0  0  0  0  0  0  0  0  0  0  0  0
   -0.0790   -1.3766   -2.1318 H   0  0  0  0  0  0  0  0  0  0  0  0
    2.1798    2.1319    1.4954 H   0  0  0  0  0  0  0  0  0  0  0  0
   -2.2708   -0.3736    0.4436 H   0  0  0  0  0  0  0  0  0  0  0  0
    3.0042   -1.5504    0.8593 H   0  0  0  0  0  0  0  0  0  0  0  0
    2.1710    3.4097   -3.2842 H   0  0  0  0  0  0  0  0  0  0  0  0
    0.3784   -0.1470    4.6700 H   0  0  0  0  0  0  0  0  0  0  0  0
    0.8221   -3.4449   -3.1574 H   0  0  0  0  0  0  0  0  0  0  0  0
    2.4409    4.5222    0.8610 H   0  0  0  0  0  0  0  0  0  0  0  0
   -3.3962   -0.4665    2.6427 H   0  0  0  0  0  0  0  0  0  0  0  0
    3.9314   -3.6130   -0.1900 H   0  0  0  0  0  0  0  0  0  0  0  0
    2.4306    5.1550   -1.5426 H   0  0  0  0  0  0  0  0  0  0  0  0
   -2.0948   -0.3591    4.7460 H   0  0  0  0  0  0  0  0  0  0  0  0
    2.8285   -4.5491   -2.2079 H   0  0  0  0  0  0  0  0  0  0  0  0
 15 30  1  0  0  0  0
  8  9  1  0  0  0  0
  8 10  1  0  0  0  0
  8 11  1  0  0  0  0
  1  4  1  0  0  0  0
  2  4  2  0  0  0  0
  9 12  2  0  0  0  0
  9 15  1  0  0  0  0
 10 13  2  0  0  0  0
 10 16  1  0  0  0  0
 11 14  2  0  0  0  0
 11 17  1  0  0  0  0
 12 18  1  0  0  0  0
 12 27  1  0  0  0  0
 13 19  1  0  0  0  0
 13 28  1  0  0  0  0
 14 20  1  0  0  0  0
 14 29  1  0  0  0  0
 15 21  2  0  0  0  0
 16 22  2  0  0  0  0
 16 31  1  0  0  0  0
 17 23  2  0  0  0  0
 17 32  1  0  0  0  0
 18 24  2  0  0  0  0
 18 33  1  0  0  0  0
 19 25  2  0  0  0  0
 19 34  1  0  0  0  0
  3  5  1  0  0  0  0
 20 26  2  0  0  0  0
 20 35  1  0  0  0  0
 21 24  1  0  0  0  0
 21 36  1  0  0  0  0
 22 25  1  0  0  0  0
 22 37  1  0  0  0  0
 23 26  1  0  0  0  0
 23 38  1  0  0  0  0
 24 39  1  0  0  0  0
 25 40  1  0  0  0  0
 26 41  1  0  0  0  0
  3  4  1  0  0  0  0
  3  6  1  0  0  0  0
  3  7  1  0  0  0  0
M  CHG  2   8   1   1  -1
M  END
>  <PUBCHEM_BONDANNOTATIONS>
10  16  8
11  17  8
12  18  8
13  19  8
14  20  8
15  21  8
16  19  8
17  20  8
18  21  8
4  10  8
4  7  8
5  11  8
5  8  8
6  12  8
6  9  8
7  13  8
8  14  8
9  15  8

>  <energy>
34.366482350775421

$$$$
