299
  Marvin  12300703363D          

 21 25  0  0  1  0            999 V2000
    1.6485   -1.2446    2.3155 Cl  0  0  0  0  0  0  0  0  0  0  0  0
    2.3201   -1.8723   -0.8624 Cl  0  0  0  0  0  0  0  0  0  0  0  0
   -2.5225    1.6016    0.8695 Cl  0  0  0  0  0  0  0  0  0  0  0  0
   -1.8527    0.9730   -2.3043 Cl  0  0  0  0  0  0  0  0  0  0  0  0
    0.3341    1.8232    2.6010 Cl  0  0  0  0  0  0  0  0  0  0  0  0
    1.4703    0.7884   -2.7238 Cl  0  0  0  0  0  0  0  0  0  0  0  0
   -1.6801   -1.0841    2.6963 Cl  0  0  0  0  0  0  0  0  0  0  0  0
   -0.5593   -2.1059   -2.5540 Cl  0  0  0  0  0  0  0  0  0  0  0  0
    2.8716    1.6699    0.2888 Cl  0  0  0  0  0  0  0  0  0  0  0  0
    0.6502    3.2513   -0.4922 Cl  0  0  0  0  0  0  0  0  0  0  0  0
   -1.8983   -2.7310    0.1257 O   0  0  0  0  0  0  0  0  0  0  0  0
    0.6051   -0.5606    1.0626 C   0  0  2  0  0  0  0  0  0  0  0  0
    0.9297   -0.8569   -0.4597 C   0  0  1  0  0  0  0  0  0  0  0  0
   -1.1102    0.6166    0.4670 C   0  0  1  0  0  0  0  0  0  0  0  0
   -0.7859    0.3202   -1.0542 C   0  0  2  0  0  0  0  0  0  0  0  0
    0.2967    0.9704    1.0468 C   0  0  1  0  0  0  0  0  0  0  0  0
    0.7583    0.5494   -1.1177 C   0  0  2  0  0  0  0  0  0  0  0  0
   -0.9340   -0.7873    1.1179 C   0  0  2  0  0  0  0  0  0  0  0  0
   -0.4754   -1.2056   -1.0311 C   0  0  1  0  0  0  0  0  0  0  0  0
    1.1412    1.6076   -0.0693 C   0  0  2  0  0  0  0  0  0  0  0  0
   -1.2074   -1.7231    0.0775 C   0  0  0  0  0  0  0  0  0  0  0  0
  1 12  1  0  0  0  0
  2 13  1  0  0  0  0
  3 14  1  0  0  0  0
  4 15  1  0  0  0  0
  5 16  1  0  0  0  0
  6 17  1  0  0  0  0
  7 18  1  0  0  0  0
  8 19  1  0  0  0  0
  9 20  1  0  0  0  0
 10 20  1  0  0  0  0
 11 21  2  0  0  0  0
 12 13  1  0  0  0  0
 12 16  1  0  0  0  0
 12 18  1  0  0  0  0
 13 17  1  0  0  0  0
 13 19  1  0  0  0  0
 14 15  1  0  0  0  0
 14 16  1  0  0  0  0
 14 18  1  0  0  0  0
 15 17  1  0  0  0  0
 15 19  1  0  0  0  0
 16 20  1  0  0  0  0
 17 20  1  0  0  0  0
 18 21  1  0  0  0  0
 19 21  1  0  0  0  0
M  END
> <PUBCHEM_BONDANNOTATIONS>
12  1  3
13  2  3
14  3  3
15  4  3

$$$$
