7500
  Marvin  12300703363D          

 18 18  0  0  0  0            999 V2000
   -0.8656   -1.4993   -0.3190 C   0  0  0  0  0  0  0  0  0  0  0  0
   -0.1247   -0.2159   -0.3467 C   0  0  0  0  0  0  0  0  0  0  0  0
    1.2901   -0.2000   -0.3370 C   0  0  0  0  0  0  0  0  0  0  0  0
   -0.8182    1.0173   -0.3370 C   0  0  0  0  0  0  0  0  0  0  0  0
   -1.1229   -1.9450    1.1356 C   0  0  0  0  0  0  0  0  0  0  0  0
    1.9942    1.0175   -0.3273 C   0  0  0  0  0  0  0  0  0  0  0  0
   -0.1160    2.2358   -0.3273 C   0  0  0  0  0  0  0  0  0  0  0  0
    1.2904    2.2350   -0.3243 C   0  0  0  0  0  0  0  0  0  0  0  0
   -0.3099   -2.2808   -0.8454 H   0  0  0  0  0  0  0  0  0  0  0  0
   -1.8203   -1.4088   -0.8454 H   0  0  0  0  0  0  0  0  0  0  0  0
    1.8207   -1.0749   -0.3286 H   0  0  0  0  0  0  0  0  0  0  0  0
   -1.8413    1.0393   -0.3286 H   0  0  0  0  0  0  0  0  0  0  0  0
   -1.6682   -2.8894    1.1474 H   0  0  0  0  0  0  0  0  0  0  0  0
   -1.7167   -1.1995    1.6699 H   0  0  0  0  0  0  0  0  0  0  0  0
   -0.1804   -2.0865    1.6699 H   0  0  0  0  0  0  0  0  0  0  0  0
    3.0167    1.0150   -0.3192 H   0  0  0  0  0  0  0  0  0  0  0  0
   -0.6293    3.1201   -0.3192 H   0  0  0  0  0  0  0  0  0  0  0  0
    1.8014    3.1201   -0.3177 H   0  0  0  0  0  0  0  0  0  0  0  0
  1  2  1  0  0  0  0
  1  5  1  0  0  0  0
  1  9  1  0  0  0  0
  1 10  1  0  0  0  0
  2  3  2  0  0  0  0
  2  4  1  0  0  0  0
  3  6  1  0  0  0  0
  3 11  1  0  0  0  0
  4  7  2  0  0  0  0
  4 12  1  0  0  0  0
  5 13  1  0  0  0  0
  5 14  1  0  0  0  0
  5 15  1  0  0  0  0
  6  8  2  0  0  0  0
  6 16  1  0  0  0  0
  7  8  1  0  0  0  0
  7 17  1  0  0  0  0
  8 18  1  0  0  0  0
M  END
> <PUBCHEM_BONDANNOTATIONS>
2  3  8
2  4  8
3  6  8
4  7  8
6  8  8
7  8  8

$$$$
