8346
  Marvin  12300703363D          

 66 66  0  0  0  0            999 V2000
   -2.1901    1.6766   -1.7962 O   0  0  0  0  0  0  0  0  0  0  0  0
    2.1901    1.6766   -1.7962 O   0  0  0  0  0  0  0  0  0  0  0  0
   -1.3673    1.1751   -3.7364 O   0  0  0  0  0  0  0  0  0  0  0  0
    1.3673    1.1751   -3.7364 O   0  0  0  0  0  0  0  0  0  0  0  0
   -6.1974   -0.3455    0.4164 C   0  0  0  0  0  0  0  0  0  0  0  0
    6.1974   -0.3455    0.4164 C   0  0  0  0  0  0  0  0  0  0  0  0
   -6.7025   -1.6672    1.0469 C   0  0  0  0  0  0  0  0  0  0  0  0
    6.7025   -1.6672    1.0469 C   0  0  0  0  0  0  0  0  0  0  0  0
   -4.7828   -0.4906   -0.1869 C   0  0  0  0  0  0  0  0  0  0  0  0
    4.7828   -0.4906   -0.1869 C   0  0  0  0  0  0  0  0  0  0  0  0
   -8.1166   -1.5403    1.6590 C   0  0  0  0  0  0  0  0  0  0  0  0
    8.1166   -1.5403    1.6590 C   0  0  0  0  0  0  0  0  0  0  0  0
   -4.2180    0.8062   -0.8186 C   0  0  0  0  0  0  0  0  0  0  0  0
    4.2180    0.8062   -0.8186 C   0  0  0  0  0  0  0  0  0  0  0  0
   -8.6315   -2.8535    2.2967 C   0  0  0  0  0  0  0  0  0  0  0  0
    8.6315   -2.8535    2.2967 C   0  0  0  0  0  0  0  0  0  0  0  0
   -2.8108    0.5586   -1.4072 C   0  0  0  0  0  0  0  0  0  0  0  0
    2.8108    0.5586   -1.4072 C   0  0  0  0  0  0  0  0  0  0  0  0
  -10.0419   -2.7098    2.9043 C   0  0  0  0  0  0  0  0  0  0  0  0
   10.0419   -2.7098    2.9043 C   0  0  0  0  0  0  0  0  0  0  0  0
   -0.7151    3.0887   -2.7249 C   0  0  0  0  0  0  0  0  0  0  0  0
    0.7151    3.0887   -2.7249 C   0  0  0  0  0  0  0  0  0  0  0  0
   -1.4746    1.9324   -2.7795 C   0  0  0  0  0  0  0  0  0  0  0  0
    1.4746    1.9324   -2.7795 C   0  0  0  0  0  0  0  0  0  0  0  0
   -1.4022    4.3209   -2.5970 C   0  0  0  0  0  0  0  0  0  0  0  0
    1.4022    4.3209   -2.5970 C   0  0  0  0  0  0  0  0  0  0  0  0
   -0.7020    5.5315   -2.4806 C   0  0  0  0  0  0  0  0  0  0  0  0
    0.7020    5.5315   -2.4806 C   0  0  0  0  0  0  0  0  0  0  0  0
   -6.1810    0.4368    1.1806 H   0  0  0  0  0  0  0  0  0  0  0  0
   -6.8890   -0.0315   -0.3704 H   0  0  0  0  0  0  0  0  0  0  0  0
    6.1810    0.4368    1.1806 H   0  0  0  0  0  0  0  0  0  0  0  0
    6.8890   -0.0315   -0.3704 H   0  0  0  0  0  0  0  0  0  0  0  0
   -6.0038   -1.9815    1.8281 H   0  0  0  0  0  0  0  0  0  0  0  0
   -6.7145   -2.4481    0.2806 H   0  0  0  0  0  0  0  0  0  0  0  0
    6.0038   -1.9815    1.8281 H   0  0  0  0  0  0  0  0  0  0  0  0
    6.7145   -2.4481    0.2806 H   0  0  0  0  0  0  0  0  0  0  0  0
   -4.1024   -0.8209    0.6042 H   0  0  0  0  0  0  0  0  0  0  0  0
   -4.8086   -1.2749   -0.9493 H   0  0  0  0  0  0  0  0  0  0  0  0
    4.1024   -0.8209    0.6042 H   0  0  0  0  0  0  0  0  0  0  0  0
    4.8086   -1.2749   -0.9493 H   0  0  0  0  0  0  0  0  0  0  0  0
   -8.0998   -0.7567    2.4220 H   0  0  0  0  0  0  0  0  0  0  0  0
   -8.8119   -1.2281    0.8746 H   0  0  0  0  0  0  0  0  0  0  0  0
    8.0998   -0.7567    2.4220 H   0  0  0  0  0  0  0  0  0  0  0  0
    8.8119   -1.2281    0.8746 H   0  0  0  0  0  0  0  0  0  0  0  0
   -4.1634    1.5873   -0.0547 H   0  0  0  0  0  0  0  0  0  0  0  0
   -4.8863    1.1583   -1.6093 H   0  0  0  0  0  0  0  0  0  0  0  0
    4.1634    1.5873   -0.0547 H   0  0  0  0  0  0  0  0  0  0  0  0
    4.8863    1.1583   -1.6093 H   0  0  0  0  0  0  0  0  0  0  0  0
   -7.9425   -3.1718    3.0841 H   0  0  0  0  0  0  0  0  0  0  0  0
   -8.6554   -3.6423    1.5396 H   0  0  0  0  0  0  0  0  0  0  0  0
    7.9425   -3.1718    3.0841 H   0  0  0  0  0  0  0  0  0  0  0  0
    8.6554   -3.6423    1.5396 H   0  0  0  0  0  0  0  0  0  0  0  0
   -2.1714    0.1510   -0.6213 H   0  0  0  0  0  0  0  0  0  0  0  0
   -2.8821   -0.1987   -2.1965 H   0  0  0  0  0  0  0  0  0  0  0  0
    2.1714    0.1510   -0.6213 H   0  0  0  0  0  0  0  0  0  0  0  0
    2.8821   -0.1987   -2.1965 H   0  0  0  0  0  0  0  0  0  0  0  0
  -10.3604   -3.6578    3.3403 H   0  0  0  0  0  0  0  0  0  0  0  0
  -10.0458   -1.9506    3.6890 H   0  0  0  0  0  0  0  0  0  0  0  0
  -10.7631   -2.4238    2.1360 H   0  0  0  0  0  0  0  0  0  0  0  0
   10.3604   -3.6578    3.3403 H   0  0  0  0  0  0  0  0  0  0  0  0
   10.0458   -1.9506    3.6890 H   0  0  0  0  0  0  0  0  0  0  0  0
   10.7631   -2.4238    2.1360 H   0  0  0  0  0  0  0  0  0  0  0  0
   -2.4266    4.3572   -2.5819 H   0  0  0  0  0  0  0  0  0  0  0  0
    2.4266    4.3572   -2.5819 H   0  0  0  0  0  0  0  0  0  0  0  0
   -1.2127    6.4130   -2.3915 H   0  0  0  0  0  0  0  0  0  0  0  0
    1.2127    6.4130   -2.3915 H   0  0  0  0  0  0  0  0  0  0  0  0
  1 17  1  0  0  0  0
  1 23  1  0  0  0  0
  2 18  1  0  0  0  0
  2 24  1  0  0  0  0
  3 23  2  0  0  0  0
  4 24  2  0  0  0  0
  5  7  1  0  0  0  0
  5  9  1  0  0  0  0
  5 29  1  0  0  0  0
  5 30  1  0  0  0  0
  6  8  1  0  0  0  0
  6 10  1  0  0  0  0
  6 31  1  0  0  0  0
  6 32  1  0  0  0  0
  7 11  1  0  0  0  0
  7 33  1  0  0  0  0
  7 34  1  0  0  0  0
  8 12  1  0  0  0  0
  8 35  1  0  0  0  0
  8 36  1  0  0  0  0
  9 13  1  0  0  0  0
  9 37  1  0  0  0  0
  9 38  1  0  0  0  0
 10 14  1  0  0  0  0
 10 39  1  0  0  0  0
 10 40  1  0  0  0  0
 11 15  1  0  0  0  0
 11 41  1  0  0  0  0
 11 42  1  0  0  0  0
 12 16  1  0  0  0  0
 12 43  1  0  0  0  0
 12 44  1  0  0  0  0
 13 17  1  0  0  0  0
 13 45  1  0  0  0  0
 13 46  1  0  0  0  0
 14 18  1  0  0  0  0
 14 47  1  0  0  0  0
 14 48  1  0  0  0  0
 15 19  1  0  0  0  0
 15 49  1  0  0  0  0
 15 50  1  0  0  0  0
 16 20  1  0  0  0  0
 16 51  1  0  0  0  0
 16 52  1  0  0  0  0
 17 53  1  0  0  0  0
 17 54  1  0  0  0  0
 18 55  1  0  0  0  0
 18 56  1  0  0  0  0
 19 57  1  0  0  0  0
 19 58  1  0  0  0  0
 19 59  1  0  0  0  0
 20 60  1  0  0  0  0
 20 61  1  0  0  0  0
 20 62  1  0  0  0  0
 21 22  1  0  0  0  0
 21 23  1  0  0  0  0
 21 25  2  0  0  0  0
 22 24  1  0  0  0  0
 22 26  2  0  0  0  0
 25 27  1  0  0  0  0
 25 63  1  0  0  0  0
 26 28  1  0  0  0  0
 26 64  1  0  0  0  0
 27 28  2  0  0  0  0
 27 65  1  0  0  0  0
 28 66  1  0  0  0  0
M  END
> <PUBCHEM_BONDANNOTATIONS>
21  22  8
21  25  8
22  26  8
25  27  8
26  28  8
27  28  8

$$$$
