6338
  Marvin  12300703363D          

  6  5  0  0  0  0            999 V2000
    1.4788   -1.3293    0.0000 Cl  0  0  0  0  0  0  0  0  0  0  0  0
    0.6084    0.0856   -0.0000 C   0  0  0  0  0  0  0  0  0  0  0  0
   -0.7266    0.0955    0.0000 C   0  0  0  0  0  0  0  0  0  0  0  0
    1.1129    0.9399   -0.0000 H   0  0  0  0  0  0  0  0  0  0  0  0
   -1.2224    0.9549    0.0000 H   0  0  0  0  0  0  0  0  0  0  0  0
   -1.2510   -0.7465   -0.0000 H   0  0  0  0  0  0  0  0  0  0  0  0
  1  2  1  0  0  0  0
  2  3  2  0  0  0  0
  2  4  1  0  0  0  0
  3  5  1  0  0  0  0
  3  6  1  0  0  0  0
M  END
$$$$
