3224
  Marvin  12300703363D          

 25 27  0  0  1  0            999 V2000
   -2.2535   -1.5429   -1.7776 Cl  0  0  0  0  0  0  0  0  0  0  0  0
   -1.0342    2.8086    1.3639 Cl  0  0  0  0  0  0  0  0  0  0  0  0
   -3.5960    1.3570   -0.4617 Cl  0  0  0  0  0  0  0  0  0  0  0  0
   -1.4304    1.8617   -1.9482 Cl  0  0  0  0  0  0  0  0  0  0  0  0
   -2.7433   -2.2878    1.3877 Cl  0  0  0  0  0  0  0  0  0  0  0  0
   -2.0448    0.3407    3.2495 Cl  0  0  0  0  0  0  0  0  0  0  0  0
    3.1708   -0.5336   -0.5718 S   0  0  0  0  0  0  0  0  0  0  0  0
    2.1824   -1.6945   -0.0765 O   0  0  0  0  0  0  0  0  0  0  0  0
    2.5387    0.9242   -0.7750 O   0  0  0  0  0  0  0  0  0  0  0  0
    4.6773   -0.8404   -0.9757 O   0  0  0  0  0  0  0  0  0  0  0  0
    0.0505   -0.5669   -0.5685 C   0  0  2  0  0  0  0  0  0  0  0  0
    0.4120    0.5740    0.4412 C   0  0  2  0  0  0  0  0  0  0  0  0
   -1.5142   -0.5955   -0.4794 C   0  0  1  0  0  0  0  0  0  0  0  0
   -1.0203    1.1418    0.7681 C   0  0  2  0  0  0  0  0  0  0  0  0
   -1.8720    0.9198   -0.5136 C   0  0  2  0  0  0  0  0  0  0  0  0
   -1.9848   -0.8975    0.8696 C   0  0  0  0  0  0  0  0  0  0  0  0
   -1.7021    0.1723    1.6267 C   0  0  0  0  0  0  0  0  0  0  0  0
    0.8984   -1.8691   -0.4192 C   0  0  0  0  0  0  0  0  0  0  0  0
    1.5737    1.5006   -0.0470 C   0  0  0  0  0  0  0  0  0  0  0  0
    0.2976   -0.2365   -1.5839 H   0  0  0  0  0  0  0  0  0  0  0  0
    0.8142    0.1293    1.3618 H   0  0  0  0  0  0  0  0  0  0  0  0
    0.4579   -2.5193    0.3370 H   0  0  0  0  0  0  0  0  0  0  0  0
    0.8881   -2.4283   -1.3590 H   0  0  0  0  0  0  0  0  0  0  0  0
    2.0559    1.9731    0.8127 H   0  0  0  0  0  0  0  0  0  0  0  0
    1.1782    2.3093   -0.6608 H   0  0  0  0  0  0  0  0  0  0  0  0
  1 13  1  0  0  0  0
  2 14  1  0  0  0  0
  3 15  1  0  0  0  0
  4 15  1  0  0  0  0
  5 16  1  0  0  0  0
  6 17  1  0  0  0  0
  7  8  1  0  0  0  0
  7  9  1  0  0  0  0
  7 10  2  0  0  0  0
  8 18  1  0  0  0  0
  9 19  1  0  0  0  0
 11 12  1  0  0  0  0
 11 13  1  0  0  0  0
 11 18  1  0  0  0  0
 11 20  1  0  0  0  0
 12 14  1  0  0  0  0
 12 19  1  0  0  0  0
 12 21  1  0  0  0  0
 13 15  1  0  0  0  0
 13 16  1  0  0  0  0
 14 15  1  0  0  0  0
 14 17  1  0  0  0  0
 16 17  2  0  0  0  0
 18 22  1  0  0  0  0
 18 23  1  0  0  0  0
 19 24  1  0  0  0  0
 19 25  1  0  0  0  0
M  END
> <PUBCHEM_BONDANNOTATIONS>
13  1  3
11  18  3
12  19  3
14  2  3

$$$$
