62530
  Marvin  12310715543D          

 37 37  0  0  0  0            999 V2000
    2.9617    0.5896   -0.3042 O   0  0  0  0  0  0  0  0  0  0  0  0
    0.0242    0.1270   -0.7425 C   0  0  2  0  0  0  0  0  0  0  0  0
   -1.1340   -1.7706    1.0425 C   0  0  2  0  0  0  0  0  0  0  0  0
   -0.3567   -0.4345    0.6889 C   0  0  0  0  0  0  0  0  0  0  0  0
    0.7704    1.4541   -0.5291 C   0  0  0  0  0  0  0  0  0  0  0  0
   -1.2342    0.3466   -1.6609 C   0  0  0  0  0  0  0  0  0  0  0  0
    0.9027   -0.8891   -1.5618 C   0  0  0  0  0  0  0  0  0  0  0  0
   -1.0734   -1.9732    2.5996 C   0  0  0  0  0  0  0  0  0  0  0  0
   -0.5129   -3.0579    0.4109 C   0  0  0  0  0  0  0  0  0  0  0  0
   -2.6510   -1.7086    0.6673 C   0  0  0  0  0  0  0  0  0  0  0  0
    2.1883    1.5774   -0.3932 C   0  0  0  0  0  0  0  0  0  0  0  0
    0.0593    2.6863   -0.4303 C   0  0  0  0  0  0  0  0  0  0  0  0
    2.8381    2.8296   -0.3368 C   0  0  0  0  0  0  0  0  0  0  0  0
    0.6896    3.9422   -0.3592 C   0  0  0  0  0  0  0  0  0  0  0  0
    2.0890    4.0136   -0.3422 C   0  0  0  0  0  0  0  0  0  0  0  0
   -0.9119    0.3641    1.1934 H   0  0  0  0  0  0  0  0  0  0  0  0
    0.5957   -0.4942    1.2269 H   0  0  0  0  0  0  0  0  0  0  0  0
   -1.6666   -0.5751   -2.0512 H   0  0  0  0  0  0  0  0  0  0  0  0
   -2.0487    0.8523   -1.1398 H   0  0  0  0  0  0  0  0  0  0  0  0
   -0.9789    0.9440   -2.5408 H   0  0  0  0  0  0  0  0  0  0  0  0
    1.4251   -0.3920   -2.3826 H   0  0  0  0  0  0  0  0  0  0  0  0
    1.6475   -1.3852   -0.9389 H   0  0  0  0  0  0  0  0  0  0  0  0
    0.3446   -1.6967   -2.0340 H   0  0  0  0  0  0  0  0  0  0  0  0
   -0.0459   -2.0924    2.9523 H   0  0  0  0  0  0  0  0  0  0  0  0
   -1.5026   -1.1239    3.1360 H   0  0  0  0  0  0  0  0  0  0  0  0
   -1.6210   -2.8618    2.9259 H   0  0  0  0  0  0  0  0  0  0  0  0
   -0.9261   -3.9728    0.8431 H   0  0  0  0  0  0  0  0  0  0  0  0
    0.5681   -3.0954    0.5609 H   0  0  0  0  0  0  0  0  0  0  0  0
   -0.7210   -3.1293   -0.6552 H   0  0  0  0  0  0  0  0  0  0  0  0
   -3.1529   -0.8712    1.1571 H   0  0  0  0  0  0  0  0  0  0  0  0
   -3.1786   -2.6209    0.9580 H   0  0  0  0  0  0  0  0  0  0  0  0
   -2.8138   -1.6078   -0.4020 H   0  0  0  0  0  0  0  0  0  0  0  0
   -0.9598    2.7150   -0.4140 H   0  0  0  0  0  0  0  0  0  0  0  0
    3.8594    2.8978   -0.2887 H   0  0  0  0  0  0  0  0  0  0  0  0
    0.1363    4.8014   -0.3240 H   0  0  0  0  0  0  0  0  0  0  0  0
    2.5584    4.9220   -0.3204 H   0  0  0  0  0  0  0  0  0  0  0  0
    3.8318    0.6894   -0.2108 H   0  0  0  0  0  0  0  0  0  0  0  0
  1 11  1  0  0  0  0
  1 37  1  0  0  0  0
  2  4  1  0  0  0  0
  2  5  1  0  0  0  0
  2  6  1  0  0  0  0
  2  7  1  0  0  0  0
  3  4  1  0  0  0  0
  3  8  1  0  0  0  0
  3  9  1  0  0  0  0
  3 10  1  0  0  0  0
  4 16  1  0  0  0  0
  4 17  1  0  0  0  0
  5 11  1  0  0  0  0
  5 12  2  0  0  0  0
  6 18  1  0  0  0  0
  6 19  1  0  0  0  0
  6 20  1  0  0  0  0
  7 21  1  0  0  0  0
  7 22  1  0  0  0  0
  7 23  1  0  0  0  0
  8 24  1  0  0  0  0
  8 25  1  0  0  0  0
  8 26  1  0  0  0  0
  9 27  1  0  0  0  0
  9 28  1  0  0  0  0
  9 29  1  0  0  0  0
 10 30  1  0  0  0  0
 10 31  1  0  0  0  0
 10 32  1  0  0  0  0
 11 13  2  0  0  0  0
 12 14  1  0  0  0  0
 12 33  1  0  0  0  0
 13 15  1  0  0  0  0
 13 34  1  0  0  0  0
 14 15  2  0  0  0  0
 14 35  1  0  0  0  0
 15 36  1  0  0  0  0
M  END
> <PUBCHEM_BONDANNOTATIONS>
11  13  8
12  14  8
13  15  8
14  15  8
5  11  8
5  12  8

$$$$
