727
  Marvin  12300703363D          

 18 18  0  0  0  0            999 V2000
   -2.8967   -1.2027    0.4945 Cl  0  0  0  0  0  0  0  0  0  0  0  0
   -0.4072   -3.1119   -0.4865 Cl  0  0  0  0  0  0  0  0  0  0  0  0
   -2.4919    1.9077   -0.4889 Cl  0  0  0  0  0  0  0  0  0  0  0  0
    2.4940   -1.9107    0.4739 Cl  0  0  0  0  0  0  0  0  0  0  0  0
    0.4065    3.1155    0.4715 Cl  0  0  0  0  0  0  0  0  0  0  0  0
    2.9032    1.2055   -0.4646 Cl  0  0  0  0  0  0  0  0  0  0  0  0
   -1.3894   -0.5773   -0.1996 C   0  0  2  0  0  0  0  0  0  0  0  0
   -0.1945   -1.4917    0.2019 C   0  0  2  0  0  0  0  0  0  0  0  0
   -1.1935    0.9154    0.2007 C   0  0  1  0  0  0  0  0  0  0  0  0
    1.1946   -0.9137   -0.2047 C   0  0  1  0  0  0  0  0  0  0  0  0
    0.1955    1.4914   -0.2059 C   0  0  2  0  0  0  0  0  0  0  0  0
    1.3892    0.5767    0.2076 C   0  0  2  0  0  0  0  0  0  0  0  0
   -1.5036   -0.6250   -1.2871 H   0  0  0  0  0  0  0  0  0  0  0  0
   -0.2067   -1.6107    1.2895 H   0  0  0  0  0  0  0  0  0  0  0  0
   -1.2874    0.9914    1.2885 H   0  0  0  0  0  0  0  0  0  0  0  0
    1.2858   -0.9797   -1.2929 H   0  0  0  0  0  0  0  0  0  0  0  0
    0.2139    1.6013   -1.2939 H   0  0  0  0  0  0  0  0  0  0  0  0
    1.4881    0.6186    1.2958 H   0  0  0  0  0  0  0  0  0  0  0  0
  1  7  1  0  0  0  0
  2  8  1  0  0  0  0
  3  9  1  0  0  0  0
  4 10  1  0  0  0  0
  5 11  1  0  0  0  0
  6 12  1  0  0  0  0
  7  8  1  0  0  0  0
  7  9  1  0  0  0  0
  7 13  1  0  0  0  0
  8 10  1  0  0  0  0
  8 14  1  0  0  0  0
  9 11  1  0  0  0  0
  9 15  1  0  0  0  0
 10 12  1  0  0  0  0
 10 16  1  0  0  0  0
 11 12  1  0  0  0  0
 11 17  1  0  0  0  0
 12 18  1  0  0  0  0
M  END
$$$$
