6591
  Marvin  12300703363D          

  8  7  0  0  0  0            999 V2000
    1.4402    1.6388    0.0381 Cl  0  0  0  0  0  0  0  0  0  0  0  0
    1.4402   -0.7864    1.4383 Cl  0  0  0  0  0  0  0  0  0  0  0  0
   -1.4402   -1.6388   -0.0381 Cl  0  0  0  0  0  0  0  0  0  0  0  0
   -1.4402    0.7864   -1.4383 Cl  0  0  0  0  0  0  0  0  0  0  0  0
    0.7743    0.0074    0.0129 C   0  0  1  0  0  0  0  0  0  0  0  0
   -0.7743   -0.0074   -0.0129 C   0  0  2  0  0  0  0  0  0  0  0  0
    1.1706   -0.5011   -0.8679 H   0  0  0  0  0  0  0  0  0  0  0  0
   -1.1706    0.5011    0.8679 H   0  0  0  0  0  0  0  0  0  0  0  0
  1  5  1  0  0  0  0
  2  5  1  0  0  0  0
  3  6  1  0  0  0  0
  4  6  1  0  0  0  0
  5  6  1  0  0  0  0
  5  7  1  0  0  0  0
  6  8  1  0  0  0  0
M  END
$$$$
