C6HCl5
APtclcactv09220908453D 0   0.00000     0.00000
 
 12 12  0  0  0  0  0  0  0  0999 V2000
   -2.7012    1.9925   -0.0010 Cl  0  0  0  0  0  0  0  0  0  0  0  0
   -1.1981    1.1240   -0.0015 C   0  0  0  0  0  0  0  0  0  0  0  0
   -0.0000    1.8154   -0.0005 C   0  0  0  0  0  0  0  0  0  0  0  0
    1.1981    1.1240   -0.0004 C   0  0  0  0  0  0  0  0  0  0  0  0
    2.7012    1.9925    0.0007 Cl  0  0  0  0  0  0  0  0  0  0  0  0
    1.1986   -0.2604   -0.0007 C   0  0  0  0  0  0  0  0  0  0  0  0
    2.7023   -1.1280    0.0006 Cl  0  0  0  0  0  0  0  0  0  0  0  0
    0.0000   -0.9528   -0.0017 C   0  0  0  0  0  0  0  0  0  0  0  0
    0.0000   -2.6888   -0.0016 Cl  0  0  0  0  0  0  0  0  0  0  0  0
   -1.1986   -0.2604    0.0031 C   0  0  0  0  0  0  0  0  0  0  0  0
   -2.7023   -1.1280    0.0019 Cl  0  0  0  0  0  0  0  0  0  0  0  0
   -0.0000    2.8954   -0.0003 H   0  0  0  0  0  0  0  0  0  0  0  0
  1  2  1  0  0  0  0
  2  3  1  0  0  0  0
  3  4  2  0  0  0  0
  4  5  1  0  0  0  0
  4  6  1  0  0  0  0
  6  7  1  0  0  0  0
  6  8  2  0  0  0  0
  8  9  1  0  0  0  0
  8 10  1  0  0  0  0
  2 10  2  0  0  0  0
 10 11  1  0  0  0  0
  3 12  1  0  0  0  0
M  END
$$$$

