261004
  -OEChem-02070708202D

  5  4  0     0  0  0  0  0  0999 V2000
    4.5981    0.2500    0.0000 As  0  0  0  0  0  0  0  0  0  0  0  0
    2.8660    0.2500    0.0000 As  0  0  0  0  0  0  0  0  0  0  0  0
    3.7321   -0.2500    0.0000 O   0  0  0  0  0  0  0  0  0  0  0  0
    5.4641   -0.2500    0.0000 O   0  0  0  0  0  0  0  0  0  0  0  0
    2.0000   -0.2500    0.0000 O   0  0  0  0  0  0  0  0  0  0  0  0
  1  3  1  0  0  0  0
  1  4  2  0  0  0  0
  2  3  1  0  0  0  0
  2  5  2  0  0  0  0
M  END
$$$$
