6344
  Marvin  12300703363D          

  5  4  0  0  0  0            999 V2000
    1.6681   -0.1258    0.0000 Cl  0  0  0  0  0  0  0  0  0  0  0  0
   -0.6746    1.5307    0.0000 Cl  0  0  0  0  0  0  0  0  0  0  0  0
   -0.0889   -0.1258    0.0000 C   0  0  0  0  0  0  0  0  0  0  0  0
   -0.4523   -0.6396    0.8900 H   0  0  0  0  0  0  0  0  0  0  0  0
   -0.4523   -0.6396   -0.8900 H   0  0  0  0  0  0  0  0  0  0  0  0
  1  3  1  0  0  0  0
  2  3  1  0  0  0  0
  3  4  1  0  0  0  0
  3  5  1  0  0  0  0
M  END
$$$$
