931
  Marvin  12300703363D          

 18 19  0  0  0  0            999 V2000
   -0.7130    0.0000   -0.0000 C   0  0  0  0  0  0  0  0  0  0  0  0
    0.7130   -0.0000    0.0000 C   0  0  0  0  0  0  0  0  0  0  0  0
   -1.4072    1.2311    0.0000 C   0  0  0  0  0  0  0  0  0  0  0  0
    1.4072    1.2311   -0.0000 C   0  0  0  0  0  0  0  0  0  0  0  0
   -1.4072   -1.2311    0.0000 C   0  0  0  0  0  0  0  0  0  0  0  0
    1.4072   -1.2311   -0.0000 C   0  0  0  0  0  0  0  0  0  0  0  0
   -0.7024    2.4477   -0.0000 C   0  0  0  0  0  0  0  0  0  0  0  0
    0.7024    2.4477   -0.0000 C   0  0  0  0  0  0  0  0  0  0  0  0
   -0.7024   -2.4477    0.0000 C   0  0  0  0  0  0  0  0  0  0  0  0
    0.7024   -2.4477    0.0000 C   0  0  0  0  0  0  0  0  0  0  0  0
   -2.4312    1.2597    0.0000 H   0  0  0  0  0  0  0  0  0  0  0  0
    2.4312    1.2597   -0.0000 H   0  0  0  0  0  0  0  0  0  0  0  0
   -2.4312   -1.2597    0.0000 H   0  0  0  0  0  0  0  0  0  0  0  0
    2.4312   -1.2597    0.0000 H   0  0  0  0  0  0  0  0  0  0  0  0
   -1.2133    3.3339    0.0000 H   0  0  0  0  0  0  0  0  0  0  0  0
    1.2133    3.3339    0.0000 H   0  0  0  0  0  0  0  0  0  0  0  0
   -1.2133   -3.3339   -0.0000 H   0  0  0  0  0  0  0  0  0  0  0  0
    1.2133   -3.3339    0.0000 H   0  0  0  0  0  0  0  0  0  0  0  0
  1  2  1  0  0  0  0
  1  3  2  0  0  0  0
  1  5  1  0  0  0  0
  2  4  2  0  0  0  0
  2  6  1  0  0  0  0
  3  7  1  0  0  0  0
  3 11  1  0  0  0  0
  4  8  1  0  0  0  0
  4 12  1  0  0  0  0
  5  9  2  0  0  0  0
  5 13  1  0  0  0  0
  6 10  2  0  0  0  0
  6 14  1  0  0  0  0
  7  8  2  0  0  0  0
  7 15  1  0  0  0  0
  8 16  1  0  0  0  0
  9 10  1  0  0  0  0
  9 17  1  0  0  0  0
 10 18  1  0  0  0  0
M  END
> <PUBCHEM_BONDANNOTATIONS>
1  2  8
1  3  8
1  5  8
2  4  8
2  6  8
3  7  8
4  8  8
5  9  8
6  10  8
7  8  8
9  10  8

$$$$
