3120
  Marvin  12300703363D          

 24 24  0  0  0  0            999 V2000
    3.9689    1.9810    0.3174 Cl  0  0  0  0  0  0  0  0  0  0  0  0
    2.1984    4.6523    0.8150 Cl  0  0  0  0  0  0  0  0  0  0  0  0
    0.0404   -2.6507    1.0262 O   0  0  0  0  0  0  0  0  0  0  0  0
   -0.8435   -1.8249   -0.8609 N   0  0  0  0  0  0  0  0  0  0  0  0
   -0.3491   -0.6155    1.0964 N   0  0  0  0  0  0  0  0  0  0  0  0
    0.2974    0.5365    0.9601 C   0  0  0  0  0  0  0  0  0  0  0  0
   -0.3536   -1.6922    0.3705 C   0  0  0  0  0  0  0  0  0  0  0  0
    1.6744    0.6548    0.6636 C   0  0  0  0  0  0  0  0  0  0  0  0
   -0.4484    1.7106    1.1914 C   0  0  0  0  0  0  0  0  0  0  0  0
   -1.2867   -3.0951   -1.3127 C   0  0  0  0  0  0  0  0  0  0  0  0
   -0.9946   -0.7095   -1.7170 C   0  0  0  0  0  0  0  0  0  0  0  0
    2.3009    1.9209    0.6216 C   0  0  0  0  0  0  0  0  0  0  0  0
    0.1595    2.9759    1.1219 C   0  0  0  0  0  0  0  0  0  0  0  0
    1.5363    3.0898    0.8476 C   0  0  0  0  0  0  0  0  0  0  0  0
   -0.9018   -0.6567    1.8502 H   0  0  0  0  0  0  0  0  0  0  0  0
    2.2281   -0.1912    0.5057 H   0  0  0  0  0  0  0  0  0  0  0  0
   -1.4479    1.6599    1.4076 H   0  0  0  0  0  0  0  0  0  0  0  0
   -2.0953   -3.4578   -0.6720 H   0  0  0  0  0  0  0  0  0  0  0  0
   -0.4753   -3.8261   -1.2962 H   0  0  0  0  0  0  0  0  0  0  0  0
   -1.6877   -3.1261   -2.3292 H   0  0  0  0  0  0  0  0  0  0  0  0
   -0.0257   -0.2423   -1.9033 H   0  0  0  0  0  0  0  0  0  0  0  0
   -1.6707    0.0269   -1.2774 H   0  0  0  0  0  0  0  0  0  0  0  0
   -1.4073   -0.9274   -2.7058 H   0  0  0  0  0  0  0  0  0  0  0  0
   -0.4165    3.8069    1.2794 H   0  0  0  0  0  0  0  0  0  0  0  0
  1 12  1  0  0  0  0
  2 14  1  0  0  0  0
  3  7  2  0  0  0  0
  4  7  1  0  0  0  0
  4 10  1  0  0  0  0
  4 11  1  0  0  0  0
  5  6  1  0  0  0  0
  5  7  1  0  0  0  0
  5 15  1  0  0  0  0
  6  8  2  0  0  0  0
  6  9  1  0  0  0  0
  8 12  1  0  0  0  0
  8 16  1  0  0  0  0
  9 13  2  0  0  0  0
  9 17  1  0  0  0  0
 10 18  1  0  0  0  0
 10 19  1  0  0  0  0
 10 20  1  0  0  0  0
 11 21  1  0  0  0  0
 11 22  1  0  0  0  0
 11 23  1  0  0  0  0
 12 14  2  0  0  0  0
 13 14  1  0  0  0  0
 13 24  1  0  0  0  0
M  END
> <PUBCHEM_BONDANNOTATIONS>
12  14  8
13  14  8
6  8  8
6  9  8
8  12  8
9  13  8

$$$$
