6212
  Marvin  12300703363D          

  5  4  0  0  0  0            999 V2000
    1.7125   -0.0629   -0.1089 Cl  0  0  0  0  0  0  0  0  0  0  0  0
   -0.6301    1.5936   -0.1089 Cl  0  0  0  0  0  0  0  0  0  0  0  0
   -0.6301   -0.8911    1.3257 Cl  0  0  0  0  0  0  0  0  0  0  0  0
   -0.0445   -0.0629   -0.1089 C   0  0  2  0  0  0  0  0  0  0  0  0
   -0.4078   -0.5767   -0.9989 H   0  0  0  0  0  0  0  0  0  0  0  0
  1  4  1  0  0  0  0
  2  4  1  0  0  0  0
  3  4  1  0  0  0  0
  4  5  1  0  0  0  0
M  END
$$$$
