2078
  Marvin  12300703363D          

 38 38  0  0  0  0            999 V2000
   -3.3872   -2.3129   -1.3075 Cl  0  0  0  0  0  0  0  0  0  0  0  0
    0.6617   -1.2614    1.8516 O   0  0  0  0  0  0  0  0  0  0  0  0
   -1.5366    0.0344   -2.0558 O   0  0  0  0  0  0  0  0  0  0  0  0
   -0.5861   -0.2875   -0.0587 N   0  0  0  0  0  0  0  0  0  0  0  0
    0.3944    0.6173   -0.3116 C   0  0  0  0  0  0  0  0  0  0  0  0
    1.6035    0.2075   -0.9691 C   0  0  0  0  0  0  0  0  0  0  0  0
    0.1686    2.0106   -0.0514 C   0  0  0  0  0  0  0  0  0  0  0  0
    2.0590   -1.2079   -1.1550 C   0  0  0  0  0  0  0  0  0  0  0  0
   -0.9055    2.6550    0.7759 C   0  0  0  0  0  0  0  0  0  0  0  0
    2.4568    1.2041   -1.5042 C   0  0  0  0  0  0  0  0  0  0  0  0
    1.0448    2.9545   -0.6457 C   0  0  0  0  0  0  0  0  0  0  0  0
    2.1684    2.5658   -1.3793 C   0  0  0  0  0  0  0  0  0  0  0  0
   -0.4896   -1.2471    0.9834 C   0  0  0  0  0  0  0  0  0  0  0  0
   -1.6443   -0.3182   -0.8824 C   0  0  0  0  0  0  0  0  0  0  0  0
    1.2752   -2.0668   -2.1687 C   0  0  0  0  0  0  0  0  0  0  0  0
   -1.8062    1.8931    1.7701 C   0  0  0  0  0  0  0  0  0  0  0  0
   -3.0023   -0.7609   -0.5732 C   0  0  0  0  0  0  0  0  0  0  0  0
    0.7364   -2.4037    2.7305 C   0  0  0  0  0  0  0  0  0  0  0  0
    2.0807   -1.7118   -0.1905 H   0  0  0  0  0  0  0  0  0  0  0  0
    3.1027   -1.2628   -1.4829 H   0  0  0  0  0  0  0  0  0  0  0  0
   -0.4142    3.3865    1.4280 H   0  0  0  0  0  0  0  0  0  0  0  0
   -1.5614    3.2185    0.1063 H   0  0  0  0  0  0  0  0  0  0  0  0
    3.3122    0.9670   -2.0146 H   0  0  0  0  0  0  0  0  0  0  0  0
    0.8886    3.9638   -0.5557 H   0  0  0  0  0  0  0  0  0  0  0  0
   -1.3317   -1.1313    1.6679 H   0  0  0  0  0  0  0  0  0  0  0  0
   -0.5688   -2.2332    0.5096 H   0  0  0  0  0  0  0  0  0  0  0  0
    2.7777    3.2690   -1.8061 H   0  0  0  0  0  0  0  0  0  0  0  0
    1.2977   -1.6079   -3.1584 H   0  0  0  0  0  0  0  0  0  0  0  0
    1.7299   -3.0574   -2.2392 H   0  0  0  0  0  0  0  0  0  0  0  0
    0.2390   -2.2101   -1.8710 H   0  0  0  0  0  0  0  0  0  0  0  0
   -1.2131    1.3100    2.4759 H   0  0  0  0  0  0  0  0  0  0  0  0
   -2.4129    2.5998    2.3412 H   0  0  0  0  0  0  0  0  0  0  0  0
   -2.5103    1.2512    1.2545 H   0  0  0  0  0  0  0  0  0  0  0  0
   -3.7314   -0.0200   -0.9104 H   0  0  0  0  0  0  0  0  0  0  0  0
   -3.1992   -0.8831    0.4903 H   0  0  0  0  0  0  0  0  0  0  0  0
    1.5976   -2.2992    3.3884 H   0  0  0  0  0  0  0  0  0  0  0  0
   -0.1552   -2.4961    3.3562 H   0  0  0  0  0  0  0  0  0  0  0  0
    0.8612   -3.3287    2.1616 H   0  0  0  0  0  0  0  0  0  0  0  0
  1 17  1  0  0  0  0
  2 13  1  0  0  0  0
  2 18  1  0  0  0  0
  3 14  2  0  0  0  0
  4  5  1  0  0  0  0
  4 13  1  0  0  0  0
  4 14  1  0  0  0  0
  5  6  2  0  0  0  0
  5  7  1  0  0  0  0
  6  8  1  0  0  0  0
  6 10  1  0  0  0  0
  7  9  1  0  0  0  0
  7 11  2  0  0  0  0
  8 15  1  0  0  0  0
  8 19  1  0  0  0  0
  8 20  1  0  0  0  0
  9 16  1  0  0  0  0
  9 21  1  0  0  0  0
  9 22  1  0  0  0  0
 10 12  2  0  0  0  0
 10 23  1  0  0  0  0
 11 12  1  0  0  0  0
 11 24  1  0  0  0  0
 12 27  1  0  0  0  0
 13 25  1  0  0  0  0
 13 26  1  0  0  0  0
 14 17  1  0  0  0  0
 15 28  1  0  0  0  0
 15 29  1  0  0  0  0
 15 30  1  0  0  0  0
 16 31  1  0  0  0  0
 16 32  1  0  0  0  0
 16 33  1  0  0  0  0
 17 34  1  0  0  0  0
 17 35  1  0  0  0  0
 18 36  1  0  0  0  0
 18 37  1  0  0  0  0
 18 38  1  0  0  0  0
M  END
> <PUBCHEM_BONDANNOTATIONS>
10  12  8
11  12  8
5  6  8
5  7  8
6  10  8
7  11  8

$$$$
