24463
  -OEChem-02070708212D

 21 14  0     0  0  0  0  0  0999 V2000
    0.0000    3.0000    0.0000 Cu  0  2  0  0  0  0  0  0  0  0  0  0
    1.0000    4.0000    0.0000 S   0  0  0  0  0  0  0  0  0  0  0  0
    1.0000    3.0000    0.0000 O   0  5  0  0  0  0  0  0  0  0  0  0
    0.0000    4.0000    0.0000 O   0  5  0  0  0  0  0  0  0  0  0  0
    2.0000    4.0000    0.0000 O   0  0  0  0  0  0  0  0  0  0  0  0
    1.0000    5.0000    0.0000 O   0  0  0  0  0  0  0  0  0  0  0  0
    7.6108    3.7500    0.0000 O   0  0  0  0  0  0  0  0  0  0  0  0
    4.5369    7.5000    0.0000 O   0  0  0  0  0  0  0  0  0  0  0  0
    4.5369    0.0000    0.0000 O   0  0  0  0  0  0  0  0  0  0  0  0
    4.5369    2.5000    0.0000 O   0  0  0  0  0  0  0  0  0  0  0  0
    4.5369    5.0000    0.0000 O   0  0  0  0  0  0  0  0  0  0  0  0
    8.1477    4.0600    0.0000 H   0  0  0  0  0  0  0  0  0  0  0  0
    7.0739    4.0600    0.0000 H   0  0  0  0  0  0  0  0  0  0  0  0
    5.0739    7.8100    0.0000 H   0  0  0  0  0  0  0  0  0  0  0  0
    4.0000    7.8100    0.0000 H   0  0  0  0  0  0  0  0  0  0  0  0
    5.0739    0.3100    0.0000 H   0  0  0  0  0  0  0  0  0  0  0  0
    4.0000    0.3100    0.0000 H   0  0  0  0  0  0  0  0  0  0  0  0
    5.0739    2.8100    0.0000 H   0  0  0  0  0  0  0  0  0  0  0  0
    4.0000    2.8100    0.0000 H   0  0  0  0  0  0  0  0  0  0  0  0
    5.0739    5.3100    0.0000 H   0  0  0  0  0  0  0  0  0  0  0  0
    4.0000    5.3100    0.0000 H   0  0  0  0  0  0  0  0  0  0  0  0
  2  3  1  0  0  0  0
  2  4  1  0  0  0  0
  2  5  2  0  0  0  0
  2  6  2  0  0  0  0
  7 12  1  0  0  0  0
  7 13  1  0  0  0  0
  8 14  1  0  0  0  0
  8 15  1  0  0  0  0
  9 16  1  0  0  0  0
  9 17  1  0  0  0  0
 10 18  1  0  0  0  0
 10 19  1  0  0  0  0
 11 20  1  0  0  0  0
 11 21  1  0  0  0  0
M  CHG  3   1   2   3  -1   4  -1
M  END
$$$$
