6427088
  Marvin  12300718383D          

 40 40  0  0  1  0            999 V2000
    3.0713    5.7010   -1.1836 O   0  0  0  0  0  0  0  0  0  0  0  0
   -0.8989   -0.9749    0.2407 C   0  0  1  0  0  0  0  0  0  0  0  0
   -0.0234    0.3165    0.1570 C   0  0  0  0  0  0  0  0  0  0  0  0
   -1.0962   -1.5124    1.6952 C   0  0  0  0  0  0  0  0  0  0  0  0
    0.4133    0.7800   -1.2725 C   0  0  1  0  0  0  0  0  0  0  0  0
   -1.7637   -2.9205    1.8443 C   0  0  2  0  0  0  0  0  0  0  0  0
   -2.2443   -0.8343   -0.5304 C   0  0  0  0  0  0  0  0  0  0  0  0
    1.1413    2.0845   -1.2137 C   0  0  0  0  0  0  0  0  0  0  0  0
    1.1180   -0.3201   -2.1227 C   0  0  0  0  0  0  0  0  0  0  0  0
   -2.0139   -3.3011    3.3265 C   0  0  0  0  0  0  0  0  0  0  0  0
   -1.0089   -4.0583    1.0991 C   0  0  0  0  0  0  0  0  0  0  0  0
    2.5536    2.1605   -1.1520 C   0  0  0  0  0  0  0  0  0  0  0  0
    0.4169    3.3045   -1.2138 C   0  0  0  0  0  0  0  0  0  0  0  0
    3.2197    3.3968   -1.1474 C   0  0  0  0  0  0  0  0  0  0  0  0
    1.0743    4.5462   -1.1960 C   0  0  0  0  0  0  0  0  0  0  0  0
    2.4803    4.5950   -1.1759 C   0  0  0  0  0  0  0  0  0  0  0  0
   -0.3091   -1.7380   -0.2627 H   0  0  0  0  0  0  0  0  0  0  0  0
   -0.5709    1.1243    0.6535 H   0  0  0  0  0  0  0  0  0  0  0  0
    0.8886    0.1639    0.7432 H   0  0  0  0  0  0  0  0  0  0  0  0
   -1.6836   -0.7738    2.2492 H   0  0  0  0  0  0  0  0  0  0  0  0
   -0.1216   -1.5574    2.1915 H   0  0  0  0  0  0  0  0  0  0  0  0
   -0.4945    0.9829   -1.8460 H   0  0  0  0  0  0  0  0  0  0  0  0
   -2.7654   -2.8698    1.4120 H   0  0  0  0  0  0  0  0  0  0  0  0
   -2.8775   -0.0747   -0.0684 H   0  0  0  0  0  0  0  0  0  0  0  0
   -2.0980   -0.5711   -1.5763 H   0  0  0  0  0  0  0  0  0  0  0  0
   -2.7964   -1.7715   -0.5678 H   0  0  0  0  0  0  0  0  0  0  0  0
    1.4672    0.0819   -3.0755 H   0  0  0  0  0  0  0  0  0  0  0  0
    0.4414   -1.1405   -2.3680 H   0  0  0  0  0  0  0  0  0  0  0  0
    1.9701   -0.7472   -1.5904 H   0  0  0  0  0  0  0  0  0  0  0  0
   -2.6117   -2.5368    3.8275 H   0  0  0  0  0  0  0  0  0  0  0  0
   -2.5693   -4.2398    3.3934 H   0  0  0  0  0  0  0  0  0  0  0  0
   -1.0742   -3.4177    3.8688 H   0  0  0  0  0  0  0  0  0  0  0  0
   -1.5122   -5.0176    1.2280 H   0  0  0  0  0  0  0  0  0  0  0  0
    0.0157   -4.1517    1.4648 H   0  0  0  0  0  0  0  0  0  0  0  0
   -0.9729   -3.8867    0.0226 H   0  0  0  0  0  0  0  0  0  0  0  0
    3.1255    1.3141   -1.1170 H   0  0  0  0  0  0  0  0  0  0  0  0
   -0.6069    3.3018   -1.2298 H   0  0  0  0  0  0  0  0  0  0  0  0
    4.2421    3.4170   -1.1251 H   0  0  0  0  0  0  0  0  0  0  0  0
    0.5232    5.4090   -1.2017 H   0  0  0  0  0  0  0  0  0  0  0  0
    3.9510    5.7358   -1.1805 H   0  0  0  0  0  0  0  0  0  0  0  0
  1 16  1  0  0  0  0
  1 40  1  0  0  0  0
  2  3  1  0  0  0  0
  2  4  1  0  0  0  0
  2  7  1  0  0  0  0
  2 17  1  0  0  0  0
  3  5  1  0  0  0  0
  3 18  1  0  0  0  0
  3 19  1  0  0  0  0
  4  6  1  0  0  0  0
  4 20  1  0  0  0  0
  4 21  1  0  0  0  0
  5  8  1  0  0  0  0
  5  9  1  0  0  0  0
  5 22  1  0  0  0  0
  6 10  1  0  0  0  0
  6 11  1  0  0  0  0
  6 23  1  0  0  0  0
  7 24  1  0  0  0  0
  7 25  1  0  0  0  0
  7 26  1  0  0  0  0
  8 12  2  0  0  0  0
  8 13  1  0  0  0  0
  9 27  1  0  0  0  0
  9 28  1  0  0  0  0
  9 29  1  0  0  0  0
 10 30  1  0  0  0  0
 10 31  1  0  0  0  0
 10 32  1  0  0  0  0
 11 33  1  0  0  0  0
 11 34  1  0  0  0  0
 11 35  1  0  0  0  0
 12 14  1  0  0  0  0
 12 36  1  0  0  0  0
 13 15  2  0  0  0  0
 13 37  1  0  0  0  0
 14 16  2  0  0  0  0
 14 38  1  0  0  0  0
 15 16  1  0  0  0  0
 15 39  1  0  0  0  0
M  END
> <PUBCHEM_BONDANNOTATIONS>
12  14  8
13  15  8
14  16  8
15  16  8
2  7  3
5  9  3
8  12  8
8  13  8

$$$$
