8370
  Marvin  12300703363D          

 12 12  0  0  0  0            999 V2000
   -1.5618   -2.7052   -0.0000 Cl  0  0  0  0  0  0  0  0  0  0  0  0
    1.5618   -2.7052   -0.0000 Cl  0  0  0  0  0  0  0  0  0  0  0  0
   -3.1237   -0.0000    0.0000 Cl  0  0  0  0  0  0  0  0  0  0  0  0
    3.1237    0.0000    0.0000 Cl  0  0  0  0  0  0  0  0  0  0  0  0
   -1.5618    2.7052    0.0000 Cl  0  0  0  0  0  0  0  0  0  0  0  0
    1.5618    2.7052   -0.0000 Cl  0  0  0  0  0  0  0  0  0  0  0  0
   -0.7088   -1.2276    0.0000 C   0  0  0  0  0  0  0  0  0  0  0  0
    0.7088   -1.2276    0.0000 C   0  0  0  0  0  0  0  0  0  0  0  0
   -1.4175    0.0000   -0.0000 C   0  0  0  0  0  0  0  0  0  0  0  0
    1.4175   -0.0000   -0.0000 C   0  0  0  0  0  0  0  0  0  0  0  0
   -0.7088    1.2276    0.0000 C   0  0  0  0  0  0  0  0  0  0  0  0
    0.7088    1.2276   -0.0000 C   0  0  0  0  0  0  0  0  0  0  0  0
  1  7  1  0  0  0  0
  2  8  1  0  0  0  0
  3  9  1  0  0  0  0
  4 10  1  0  0  0  0
  5 11  1  0  0  0  0
  6 12  1  0  0  0  0
  7  8  2  0  0  0  0
  7  9  1  0  0  0  0
  8 10  1  0  0  0  0
  9 11  2  0  0  0  0
 10 12  2  0  0  0  0
 11 12  1  0  0  0  0
M  END
> <PUBCHEM_BONDANNOTATIONS>
10  12  8
11  12  8
7  8  8
7  9  8
8  10  8
9  11  8

$$$$
