BIS(TRI-n-BUTYL TIN)OXIDE
  DSViewer          3D                             0

 27 26  0  0  0  0  0  0  0  0999 V2000
    2.6165   -1.7642    5.2198 C   0  0  0  0  0  0  0  0  0  0
    2.2854   -0.2828    5.4896 C   0  0  0  0  0  0  0  0  0  1
    2.0309    0.4468    4.1556 C   0  0  0  0  0  0  0  0  0  2
    0.8312   -0.1972    3.4292 C   0  0  0  0  0  0  0  0  0  3
    0.4536    0.8188    1.5132 Sn  0  0  0  0  0  0  0  0  0  4
    1.9390    0.1947    0.0109 C   0  0  0  0  0  0  0  0  0  5
    3.3540    0.6335    0.4388 C   0  0  0  0  0  0  0  0  0  6
    4.3799    0.1803   -0.6186 C   0  0  0  0  0  0  0  0  0  7
    4.3567   -1.3562   -0.7434 C   0  0  0  0  0  0  0  0  0  8
    0.5197    3.0014    1.7529 C   0  0  0  0  0  0  0  0  0  9
   -0.3779    3.6532    0.6857 C   0  0  0  0  0  0  0  0  0 10
   -0.3448    5.1823    0.8420 C   0  0  0  0  0  0  0  0  0 11
   -1.2462    5.8243   -0.2282 C   0  0  0  0  0  0  0  0  0 12
   -1.4587    0.3250    0.8886 O   0  0  0  0  0  0  0  0  0 13
   -1.5368   -1.4561   -0.1663 Sn  0  0  0  0  0  0  0  0  0 14
   -0.9913   -1.0676   -2.2841 C   0  0  0  0  0  0  0  0  0 15
   -0.8686    0.4421   -2.6612 C   0  0  0  0  0  0  0  0  0 16
   -2.2378    1.1616   -2.8265 C   0  0  0  0  0  0  0  0  0 17
   -3.0233    1.2485   -1.5156 C   0  0  0  0  0  0  0  0  0 18
   -3.5878   -2.2677    0.0711 C   0  0  0  0  0  0  0  0  0 19
   -3.9849   -3.3076   -1.0113 C   0  0  0  0  0  0  0  0  0 20
   -4.2173   -2.6423   -2.3805 C   0  0  0  0  0  0  0  0  0 21
   -5.4066   -1.6652   -2.2832 C   0  0  0  0  0  0  0  0  0 22
   -0.0989   -2.8708    0.7475 C   0  0  0  0  0  0  0  0  0 23
    0.6492   -3.7247   -0.3068 C   0  0  0  0  0  0  0  0  0 24
   -0.3248   -4.6678   -1.0396 C   0  0  0  0  0  0  0  0  0 25
   -0.9517   -5.6507   -0.0302 C   0  0  0  0  0  0  0  0  0 26
 26 27  1  0  0  0
 25 26  1  0  0  0
 24 25  1  0  0  0
 15 24  1  0  0  0
 22 23  1  0  0  0
 21 22  1  0  0  0
 20 21  1  0  0  0
 15 20  1  0  0  0
 18 19  1  0  0  0
 17 18  1  0  0  0
 16 17  1  0  0  0
 15 16  1  0  0  0
 14 15  1  0  0  0
  5 14  1  0  0  0
 12 13  1  0  0  0
 11 12  1  0  0  0
 10 11  1  0  0  0
  5 10  1  0  0  0
  8  9  1  0  0  0
  7  8  1  0  0  0
  6  7  1  0  0  0
  5  6  1  0  0  0
  4  5  1  0  0  0
  3  4  1  0  0  0
  2  3  1  0  0  0
  1  2  1  0  0  0
M  END
