13700
  Marvin  12300703363D          

 37 37  0  0  0  0            999 V2000
    3.4682    1.5020   -2.0598 O   0  0  0  0  0  0  0  0  0  0  0  0
   -0.6620   -0.9746    0.8522 C   0  0  0  0  0  0  0  0  0  0  0  0
   -0.3978   -0.5115   -0.5958 C   0  0  0  0  0  0  0  0  0  0  0  0
   -1.4330   -2.3117    0.8881 C   0  0  0  0  0  0  0  0  0  0  0  0
    0.3699    0.8245   -0.6496 C   0  0  0  0  0  0  0  0  0  0  0  0
   -1.7057   -2.7843    2.3319 C   0  0  0  0  0  0  0  0  0  0  0  0
    0.6201    1.2858   -2.1038 C   0  0  0  0  0  0  0  0  0  0  0  0
   -2.4781   -4.1220    2.3819 C   0  0  0  0  0  0  0  0  0  0  0  0
    1.3849    2.5557   -2.1050 C   0  0  0  0  0  0  0  0  0  0  0  0
   -2.7464   -4.5865    3.8263 C   0  0  0  0  0  0  0  0  0  0  0  0
    2.8029    2.5714   -2.0745 C   0  0  0  0  0  0  0  0  0  0  0  0
    0.6842    3.7840   -2.0810 C   0  0  0  0  0  0  0  0  0  0  0  0
    3.4933    3.7996   -2.0449 C   0  0  0  0  0  0  0  0  0  0  0  0
    1.3763    5.0055   -2.0471 C   0  0  0  0  0  0  0  0  0  0  0  0
    2.7828    5.0118   -2.0341 C   0  0  0  0  0  0  0  0  0  0  0  0
    0.2924   -1.0909    1.3748 H   0  0  0  0  0  0  0  0  0  0  0  0
   -1.2399   -0.2077    1.3772 H   0  0  0  0  0  0  0  0  0  0  0  0
    0.1822   -1.2785   -1.1178 H   0  0  0  0  0  0  0  0  0  0  0  0
   -1.3533   -0.3971   -1.1164 H   0  0  0  0  0  0  0  0  0  0  0  0
   -0.8521   -3.0748    0.3613 H   0  0  0  0  0  0  0  0  0  0  0  0
   -2.3846   -2.1912    0.3615 H   0  0  0  0  0  0  0  0  0  0  0  0
   -0.2061    1.5879   -0.1165 H   0  0  0  0  0  0  0  0  0  0  0  0
    1.3247    0.7042   -0.1274 H   0  0  0  0  0  0  0  0  0  0  0  0
   -0.7507   -2.8986    2.8534 H   0  0  0  0  0  0  0  0  0  0  0  0
   -2.2822   -2.0145    2.8535 H   0  0  0  0  0  0  0  0  0  0  0  0
   -0.3363    1.4024   -2.6225 H   0  0  0  0  0  0  0  0  0  0  0  0
    1.1569    0.5088   -2.6553 H   0  0  0  0  0  0  0  0  0  0  0  0
   -1.9043   -4.8944    1.8620 H   0  0  0  0  0  0  0  0  0  0  0  0
   -3.4340   -4.0111    1.8621 H   0  0  0  0  0  0  0  0  0  0  0  0
   -3.2916   -5.5308    3.8178 H   0  0  0  0  0  0  0  0  0  0  0  0
   -1.8055   -4.7324    4.3607 H   0  0  0  0  0  0  0  0  0  0  0  0
   -3.3433   -3.8446    4.3606 H   0  0  0  0  0  0  0  0  0  0  0  0
   -0.3399    3.8030   -2.0777 H   0  0  0  0  0  0  0  0  0  0  0  0
    4.5163    3.8175   -2.0268 H   0  0  0  0  0  0  0  0  0  0  0  0
    0.8573    5.8856   -2.0288 H   0  0  0  0  0  0  0  0  0  0  0  0
    3.2865    5.9003   -2.0132 H   0  0  0  0  0  0  0  0  0  0  0  0
    4.3478    1.5072   -2.0271 H   0  0  0  0  0  0  0  0  0  0  0  0
  1 11  1  0  0  0  0
  1 37  1  0  0  0  0
  2  3  1  0  0  0  0
  2  4  1  0  0  0  0
  2 16  1  0  0  0  0
  2 17  1  0  0  0  0
  3  5  1  0  0  0  0
  3 18  1  0  0  0  0
  3 19  1  0  0  0  0
  4  6  1  0  0  0  0
  4 20  1  0  0  0  0
  4 21  1  0  0  0  0
  5  7  1  0  0  0  0
  5 22  1  0  0  0  0
  5 23  1  0  0  0  0
  6  8  1  0  0  0  0
  6 24  1  0  0  0  0
  6 25  1  0  0  0  0
  7  9  1  0  0  0  0
  7 26  1  0  0  0  0
  7 27  1  0  0  0  0
  8 10  1  0  0  0  0
  8 28  1  0  0  0  0
  8 29  1  0  0  0  0
  9 11  1  0  0  0  0
  9 12  2  0  0  0  0
 10 30  1  0  0  0  0
 10 31  1  0  0  0  0
 10 32  1  0  0  0  0
 11 13  2  0  0  0  0
 12 14  1  0  0  0  0
 12 33  1  0  0  0  0
 13 15  1  0  0  0  0
 13 34  1  0  0  0  0
 14 15  2  0  0  0  0
 14 35  1  0  0  0  0
 15 36  1  0  0  0  0
M  END
> <PUBCHEM_BONDANNOTATIONS>
11  13  8
12  14  8
13  15  8
14  15  8
9  11  8
9  12  8

$$$$
