15625
  Marvin  12300703363D          

 22 24  0  0  0  0            999 V2000
   -1.1769   -5.1090   -0.2987 Cl  0  0  0  0  0  0  0  0  0  0  0  0
   -3.9578   -3.4386   -0.2981 Cl  0  0  0  0  0  0  0  0  0  0  0  0
    3.9582    3.4379   -0.2992 Cl  0  0  0  0  0  0  0  0  0  0  0  0
    1.1776    5.1089   -0.2992 Cl  0  0  0  0  0  0  0  0  0  0  0  0
    1.1143   -0.6693    0.2117 O   0  0  0  0  0  0  0  0  0  0  0  0
   -1.1145    0.6697    0.2117 O   0  0  0  0  0  0  0  0  0  0  0  0
    0.0198   -1.3478    0.1638 C   0  0  0  0  0  0  0  0  0  0  0  0
   -1.1992   -0.6148    0.1639 C   0  0  0  0  0  0  0  0  0  0  0  0
    1.1992    0.6150    0.1637 C   0  0  0  0  0  0  0  0  0  0  0  0
   -0.0204    1.3476    0.1637 C   0  0  0  0  0  0  0  0  0  0  0  0
   -0.0036   -2.7485    0.0573 C   0  0  0  0  0  0  0  0  0  0  0  0
   -2.4259   -1.2934    0.0576 C   0  0  0  0  0  0  0  0  0  0  0  0
    2.4253    1.2937    0.0571 C   0  0  0  0  0  0  0  0  0  0  0  0
    0.0031    2.7493    0.0570 C   0  0  0  0  0  0  0  0  0  0  0  0
   -1.2315   -3.4254   -0.0945 C   0  0  0  0  0  0  0  0  0  0  0  0
   -2.4461   -2.6966   -0.0944 C   0  0  0  0  0  0  0  0  0  0  0  0
    2.4459    2.6959   -0.0950 C   0  0  0  0  0  0  0  0  0  0  0  0
    1.2322    3.4256   -0.0951 C   0  0  0  0  0  0  0  0  0  0  0  0
    0.8825   -3.2615    0.0667 H   0  0  0  0  0  0  0  0  0  0  0  0
   -3.2941   -0.7529    0.0672 H   0  0  0  0  0  0  0  0  0  0  0  0
    3.2939    0.7523    0.0666 H   0  0  0  0  0  0  0  0  0  0  0  0
   -0.8821    3.2619    0.0665 H   0  0  0  0  0  0  0  0  0  0  0  0
  1 15  1  0  0  0  0
  2 16  1  0  0  0  0
  3 17  1  0  0  0  0
  4 18  1  0  0  0  0
  5  7  1  0  0  0  0
  5  9  1  0  0  0  0
  6  8  1  0  0  0  0
  6 10  1  0  0  0  0
  7  8  1  0  0  0  0
  7 11  2  0  0  0  0
  8 12  2  0  0  0  0
  9 10  1  0  0  0  0
  9 13  2  0  0  0  0
 10 14  2  0  0  0  0
 11 15  1  0  0  0  0
 11 19  1  0  0  0  0
 12 16  1  0  0  0  0
 12 20  1  0  0  0  0
 13 17  1  0  0  0  0
 13 21  1  0  0  0  0
 14 18  1  0  0  0  0
 14 22  1  0  0  0  0
 15 16  2  0  0  0  0
 17 18  2  0  0  0  0
M  END
> <PUBCHEM_BONDANNOTATIONS>
10  14  8
11  15  8
12  16  8
13  17  8
14  18  8
15  16  8
17  18  8
7  11  8
7  8  8
8  12  8
9  10  8
9  13  8

$$$$
