2336
  Marvin  12300703363D          

 32 36  0  0  0  0            999 V2000
    0.2901   -0.3154   -0.0000 C   0  0  0  0  0  0  0  0  0  0  0  0
    1.7168   -0.3440   -0.0000 C   0  0  0  0  0  0  0  0  0  0  0  0
   -0.4184    0.9257    0.0000 C   0  0  0  0  0  0  0  0  0  0  0  0
   -0.4190   -1.5482    0.0000 C   0  0  0  0  0  0  0  0  0  0  0  0
   -1.8455    0.9246   -0.0000 C   0  0  0  0  0  0  0  0  0  0  0  0
    2.4509    0.8737    0.0000 C   0  0  0  0  0  0  0  0  0  0  0  0
    2.4212   -1.5815    0.0000 C   0  0  0  0  0  0  0  0  0  0  0  0
   -2.5459   -0.3211    0.0000 C   0  0  0  0  0  0  0  0  0  0  0  0
   -1.8272   -1.5342   -0.0000 C   0  0  0  0  0  0  0  0  0  0  0  0
    0.3589    2.1124    0.0000 C   0  0  0  0  0  0  0  0  0  0  0  0
    0.2880   -2.7712   -0.0000 C   0  0  0  0  0  0  0  0  0  0  0  0
    1.7588    2.0966   -0.0000 C   0  0  0  0  0  0  0  0  0  0  0  0
    1.6916   -2.7875   -0.0000 C   0  0  0  0  0  0  0  0  0  0  0  0
    3.8609    0.8515    0.0000 C   0  0  0  0  0  0  0  0  0  0  0  0
    3.8340   -1.5818   -0.0000 C   0  0  0  0  0  0  0  0  0  0  0  0
   -2.6344    2.1066   -0.0000 C   0  0  0  0  0  0  0  0  0  0  0  0
   -3.9615   -0.3510   -0.0000 C   0  0  0  0  0  0  0  0  0  0  0  0
    4.5484   -0.3721    0.0000 C   0  0  0  0  0  0  0  0  0  0  0  0
   -4.0373    2.0743    0.0000 C   0  0  0  0  0  0  0  0  0  0  0  0
   -4.7025    0.8415    0.0000 C   0  0  0  0  0  0  0  0  0  0  0  0
   -2.3361   -2.4250   -0.0000 H   0  0  0  0  0  0  0  0  0  0  0  0
   -0.0550    3.0431   -0.0000 H   0  0  0  0  0  0  0  0  0  0  0  0
   -0.2058   -3.6687    0.0000 H   0  0  0  0  0  0  0  0  0  0  0  0
    2.2617    2.9891   -0.0000 H   0  0  0  0  0  0  0  0  0  0  0  0
    2.1716   -3.6920    0.0000 H   0  0  0  0  0  0  0  0  0  0  0  0
    4.4027    1.7204   -0.0000 H   0  0  0  0  0  0  0  0  0  0  0  0
    4.3622   -2.4581    0.0000 H   0  0  0  0  0  0  0  0  0  0  0  0
   -2.2283    3.0408    0.0000 H   0  0  0  0  0  0  0  0  0  0  0  0
   -4.4773   -1.2353    0.0000 H   0  0  0  0  0  0  0  0  0  0  0  0
    5.5707   -0.3781    0.0000 H   0  0  0  0  0  0  0  0  0  0  0  0
   -4.5701    2.9476   -0.0000 H   0  0  0  0  0  0  0  0  0  0  0  0
   -5.7243    0.8175   -0.0000 H   0  0  0  0  0  0  0  0  0  0  0  0
  1  2  1  0  0  0  0
  1  3  2  0  0  0  0
  1  4  1  0  0  0  0
  2  6  1  0  0  0  0
  2  7  2  0  0  0  0
  3  5  1  0  0  0  0
  3 10  1  0  0  0  0
  4  9  2  0  0  0  0
  4 11  1  0  0  0  0
  5  8  1  0  0  0  0
  5 16  2  0  0  0  0
  6 12  1  0  0  0  0
  6 14  2  0  0  0  0
  7 13  1  0  0  0  0
  7 15  1  0  0  0  0
  8  9  1  0  0  0  0
  8 17  2  0  0  0  0
  9 21  1  0  0  0  0
 10 12  2  0  0  0  0
 10 22  1  0  0  0  0
 11 13  2  0  0  0  0
 11 23  1  0  0  0  0
 12 24  1  0  0  0  0
 13 25  1  0  0  0  0
 14 18  1  0  0  0  0
 14 26  1  0  0  0  0
 15 18  2  0  0  0  0
 15 27  1  0  0  0  0
 16 19  1  0  0  0  0
 16 28  1  0  0  0  0
 17 20  1  0  0  0  0
 17 29  1  0  0  0  0
 18 30  1  0  0  0  0
 19 20  2  0  0  0  0
 19 31  1  0  0  0  0
 20 32  1  0  0  0  0
M  END
> <PUBCHEM_BONDANNOTATIONS>
1  2  8
1  3  8
1  4  8
10  12  8
11  13  8
14  18  8
15  18  8
16  19  8
17  20  8
19  20  8
2  6  8
2  7  8
3  10  8
3  5  8
4  11  8
4  9  8
5  16  8
5  8  8
6  12  8
6  14  8
7  13  8
7  15  8
8  17  8
8  9  8

$$$$
