3048
  Marvin  12300703363D          

 27 31  0  0  1  0            999 V2000
   -1.7121   -0.0425   -2.9624 Cl  0  0  0  0  0  0  0  0  0  0  0  0
   -0.4138    3.1729    1.3256 Cl  0  0  0  0  0  0  0  0  0  0  0  0
   -2.6430    2.8965   -1.3361 Cl  0  0  0  0  0  0  0  0  0  0  0  0
   -0.1035    2.9517   -2.1319 Cl  0  0  0  0  0  0  0  0  0  0  0  0
   -3.3391   -1.0293   -0.3027 Cl  0  0  0  0  0  0  0  0  0  0  0  0
   -2.5402    0.8790    2.2767 Cl  0  0  0  0  0  0  0  0  0  0  0  0
   -0.7929   -1.6769    1.4577 O   0  0  0  0  0  0  0  0  0  0  0  0
    0.2965    0.0174   -1.0611 C   0  0  1  0  0  0  0  0  0  0  0  0
    0.6567    0.8888    0.1639 C   0  0  2  0  0  0  0  0  0  0  0  0
    0.8542   -1.3745   -0.6343 C   0  0  2  0  0  0  0  0  0  0  0  0
    1.3504   -0.1577    1.1009 C   0  0  1  0  0  0  0  0  0  0  0  0
    0.1437   -2.1603    0.5003 C   0  0  1  0  0  0  0  0  0  0  0  0
    0.5548   -1.3348    1.7311 C   0  0  2  0  0  0  0  0  0  0  0  0
    2.1679   -0.9691    0.0719 C   0  0  0  0  0  0  0  0  0  0  0  0
   -1.1912    0.4297   -1.3396 C   0  0  1  0  0  0  0  0  0  0  0  0
   -0.6695    1.7016    0.3772 C   0  0  2  0  0  0  0  0  0  0  0  0
   -1.1453    1.9670   -1.0861 C   0  0  2  0  0  0  0  0  0  0  0  0
   -2.1103    0.0975   -0.2600 C   0  0  0  0  0  0  0  0  0  0  0  0
   -1.7898    0.8716    0.7877 C   0  0  0  0  0  0  0  0  0  0  0  0
    0.8964    0.3195   -1.9305 H   0  0  0  0  0  0  0  0  0  0  0  0
    1.4379    1.6130   -0.1045 H   0  0  0  0  0  0  0  0  0  0  0  0
    1.0345   -2.0204   -1.4970 H   0  0  0  0  0  0  0  0  0  0  0  0
    1.9808    0.3242    1.8523 H   0  0  0  0  0  0  0  0  0  0  0  0
    0.3832   -3.2220    0.5998 H   0  0  0  0  0  0  0  0  0  0  0  0
    1.0733   -1.9665    2.4593 H   0  0  0  0  0  0  0  0  0  0  0  0
    2.7585   -1.8009    0.4777 H   0  0  0  0  0  0  0  0  0  0  0  0
    2.8618   -0.3756   -0.5360 H   0  0  0  0  0  0  0  0  0  0  0  0
  1 15  1  0  0  0  0
  2 16  1  0  0  0  0
  3 17  1  0  0  0  0
  4 17  1  0  0  0  0
  5 18  1  0  0  0  0
  6 19  1  0  0  0  0
  7 12  1  0  0  0  0
  7 13  1  0  0  0  0
  8  9  1  0  0  0  0
  8 10  1  0  0  0  0
  8 15  1  0  0  0  0
  8 20  1  0  0  0  0
  9 11  1  0  0  0  0
  9 16  1  0  0  0  0
  9 21  1  0  0  0  0
 10 12  1  0  0  0  0
 10 14  1  0  0  0  0
 10 22  1  0  0  0  0
 11 13  1  0  0  0  0
 11 14  1  0  0  0  0
 11 23  1  0  0  0  0
 12 13  1  0  0  0  0
 12 24  1  0  0  0  0
 13 25  1  0  0  0  0
 14 26  1  0  0  0  0
 14 27  1  0  0  0  0
 15 17  1  0  0  0  0
 15 18  1  0  0  0  0
 16 17  1  0  0  0  0
 16 19  1  0  0  0  0
 18 19  2  0  0  0  0
M  END
> <PUBCHEM_BONDANNOTATIONS>
15  1  3
10  14  3
11  14  3
16  2  3
12  7  3
13  7  3
8  15  3
9  8  3

$$$$
