6432
  -OEChem-02070708202D

 11 10  0     0  0  0  0  0  0999 V2000
    3.2321    0.8660    0.0000 F   0  0  0  0  0  0  0  0  0  0  0  0
    4.2321   -0.8660    0.0000 F   0  0  0  0  0  0  0  0  0  0  0  0
    5.4641    1.0000    0.0000 F   0  0  0  0  0  0  0  0  0  0  0  0
    4.0981    1.3660    0.0000 F   0  0  0  0  0  0  0  0  0  0  0  0
    5.0981   -0.3660    0.0000 F   0  0  0  0  0  0  0  0  0  0  0  0
    2.0000   -1.0000    0.0000 F   0  0  0  0  0  0  0  0  0  0  0  0
    2.3660    0.3660    0.0000 F   0  0  0  0  0  0  0  0  0  0  0  0
    3.3660   -1.3660    0.0000 F   0  0  0  0  0  0  0  0  0  0  0  0
    3.7321    0.0000    0.0000 C   0  0  0  0  0  0  0  0  0  0  0  0
    4.5981    0.5000    0.0000 C   0  0  0  0  0  0  0  0  0  0  0  0
    2.8660   -0.5000    0.0000 C   0  0  0  0  0  0  0  0  0  0  0  0
  1  9  1  0  0  0  0
  2  9  1  0  0  0  0
  3 10  1  0  0  0  0
  4 10  1  0  0  0  0
  5 10  1  0  0  0  0
  6 11  1  0  0  0  0
  7 11  1  0  0  0  0
  8 11  1  0  0  0  0
  9 10  1  0  0  0  0
  9 11  1  0  0  0  0
M  END
$$$$
