9154
  Marvin  12300703363D          

 26 29  0  0  0  0            999 V2000
   -0.4924   -0.7313    0.0857 C   0  0  0  0  0  0  0  0  0  0  0  0
    0.8931   -0.7049    0.2173 C   0  0  0  0  0  0  0  0  0  0  0  0
   -0.9971    0.5078   -0.2998 C   0  0  0  0  0  0  0  0  0  0  0  0
    1.2693    0.6181   -0.0514 C   0  0  0  0  0  0  0  0  0  0  0  0
    0.1136    1.3596   -0.3664 C   0  0  0  0  0  0  0  0  0  0  0  0
   -1.2888   -1.8707    0.3238 C   0  0  0  0  0  0  0  0  0  0  0  0
    1.5653   -1.8887    0.5773 C   0  0  0  0  0  0  0  0  0  0  0  0
   -2.3835    0.6441   -0.5044 C   0  0  0  0  0  0  0  0  0  0  0  0
    2.5321    1.2403   -0.0128 C   0  0  0  0  0  0  0  0  0  0  0  0
    0.1995    2.7370   -0.6468 C   0  0  0  0  0  0  0  0  0  0  0  0
   -0.6053   -3.0458    0.7176 C   0  0  0  0  0  0  0  0  0  0  0  0
   -2.6834   -1.7128    0.1478 C   0  0  0  0  0  0  0  0  0  0  0  0
    0.8062   -3.0549    0.8309 C   0  0  0  0  0  0  0  0  0  0  0  0
   -3.2211   -0.4718   -0.2729 C   0  0  0  0  0  0  0  0  0  0  0  0
    2.6187    2.6236   -0.2766 C   0  0  0  0  0  0  0  0  0  0  0  0
    1.4610    3.3668   -0.5908 C   0  0  0  0  0  0  0  0  0  0  0  0
    2.5841   -1.9023    0.6596 H   0  0  0  0  0  0  0  0  0  0  0  0
   -2.7776    1.5367   -0.8093 H   0  0  0  0  0  0  0  0  0  0  0  0
    3.3723    0.7036    0.2152 H   0  0  0  0  0  0  0  0  0  0  0  0
   -0.6384    3.2773   -0.8745 H   0  0  0  0  0  0  0  0  0  0  0  0
   -1.1302   -3.9003    0.9214 H   0  0  0  0  0  0  0  0  0  0  0  0
   -3.3149   -2.4991    0.3219 H   0  0  0  0  0  0  0  0  0  0  0  0
    1.2835   -3.9178    1.1041 H   0  0  0  0  0  0  0  0  0  0  0  0
   -4.2312   -0.3808   -0.4082 H   0  0  0  0  0  0  0  0  0  0  0  0
    3.5277    3.0946   -0.2346 H   0  0  0  0  0  0  0  0  0  0  0  0
    1.5375    4.3718   -0.7742 H   0  0  0  0  0  0  0  0  0  0  0  0
  1  2  1  0  0  0  0
  1  3  1  0  0  0  0
  1  6  2  0  0  0  0
  2  4  1  0  0  0  0
  2  7  2  0  0  0  0
  3  5  1  0  0  0  0
  3  8  2  0  0  0  0
  4  5  1  0  0  0  0
  4  9  2  0  0  0  0
  5 10  2  0  0  0  0
  6 11  1  0  0  0  0
  6 12  1  0  0  0  0
  7 13  1  0  0  0  0
  7 17  1  0  0  0  0
  8 14  1  0  0  0  0
  8 18  1  0  0  0  0
  9 15  1  0  0  0  0
  9 19  1  0  0  0  0
 10 16  1  0  0  0  0
 10 20  1  0  0  0  0
 11 13  2  0  0  0  0
 11 21  1  0  0  0  0
 12 14  2  0  0  0  0
 12 22  1  0  0  0  0
 13 23  1  0  0  0  0
 14 24  1  0  0  0  0
 15 16  2  0  0  0  0
 15 25  1  0  0  0  0
 16 26  1  0  0  0  0
M  END
> <PUBCHEM_BONDANNOTATIONS>
1  2  8
1  3  8
1  6  8
10  16  8
11  13  8
12  14  8
15  16  8
2  7  8
3  8  8
4  5  8
4  9  8
5  10  8
6  11  8
6  12  8
7  13  8
8  14  8
9  15  8

$$$$
