10066
  Marvin  12300703363D          

 26 29  0  0  1  0            999 V2000
    0.0695   -2.1782   -2.5558 Cl  0  0  0  0  0  0  0  0  0  0  0  0
    0.5166    3.1342   -1.1928 Cl  0  0  0  0  0  0  0  0  0  0  0  0
   -0.0644    1.0210   -3.8827 Cl  0  0  0  0  0  0  0  0  0  0  0  0
    2.2748    0.5308   -2.6681 Cl  0  0  0  0  0  0  0  0  0  0  0  0
   -2.8484   -1.0524   -1.5393 Cl  0  0  0  0  0  0  0  0  0  0  0  0
   -2.5783    2.1424   -0.7272 Cl  0  0  0  0  0  0  0  0  0  0  0  0
    0.7338   -0.7796   -0.2554 C   0  0  2  0  0  0  0  0  0  0  0  0
    0.8199    0.7208    0.1483 C   0  0  1  0  0  0  0  0  0  0  0  0
   -0.0730   -0.6977   -1.5999 C   0  0  1  0  0  0  0  0  0  0  0  0
    0.0971    1.4213   -1.0550 C   0  0  2  0  0  0  0  0  0  0  0  0
    0.2429   -1.4440    1.0745 C   0  0  1  0  0  0  0  0  0  0  0  0
    0.3084    0.6737    1.6301 C   0  0  2  0  0  0  0  0  0  0  0  0
    0.5445    0.5626   -2.2754 C   0  0  2  0  0  0  0  0  0  0  0  0
    1.0182   -0.6108    2.1257 C   0  0  0  0  0  0  0  0  0  0  0  0
   -1.4283   -0.1896   -1.4117 C   0  0  0  0  0  0  0  0  0  0  0  0
   -1.3234    1.1044   -1.0816 C   0  0  0  0  0  0  0  0  0  0  0  0
   -1.0913   -1.0774    1.4981 C   0  0  0  0  0  0  0  0  0  0  0  0
   -1.0527    0.2130    1.8351 C   0  0  0  0  0  0  0  0  0  0  0  0
    1.7335   -1.1834   -0.4593 H   0  0  0  0  0  0  0  0  0  0  0  0
    1.8652    1.0546    0.1708 H   0  0  0  0  0  0  0  0  0  0  0  0
    0.4350   -2.5185    1.1286 H   0  0  0  0  0  0  0  0  0  0  0  0
    0.5479    1.5709    2.2057 H   0  0  0  0  0  0  0  0  0  0  0  0
    0.8438   -0.8801    3.1784 H   0  0  0  0  0  0  0  0  0  0  0  0
    2.1076   -0.6132    1.9994 H   0  0  0  0  0  0  0  0  0  0  0  0
   -1.8829   -1.6747    1.5372 H   0  0  0  0  0  0  0  0  0  0  0  0
   -1.8162    0.7500    2.1721 H   0  0  0  0  0  0  0  0  0  0  0  0
  9  1  1  0  0  0  0
 10  2  1  0  0  0  0
  3 13  1  0  0  0  0
  4 13  1  0  0  0  0
  5 15  1  0  0  0  0
  6 16  1  0  0  0  0
  7  8  1  0  0  0  0
  7  9  1  0  0  0  0
  7 11  1  0  0  0  0
  7 19  1  0  0  0  0
  8 10  1  0  0  0  0
  8 12  1  0  0  0  0
  8 20  1  0  0  0  0
  9 13  1  0  0  0  0
  9 15  1  0  0  0  0
 10 13  1  0  0  0  0
 10 16  1  0  0  0  0
 11 14  1  0  0  0  0
 11 17  1  0  0  0  0
 11 21  1  0  0  0  0
 12 14  1  0  0  0  0
 12 18  1  0  0  0  0
 12 22  1  0  0  0  0
 14 23  1  0  0  0  0
 14 24  1  0  0  0  0
 15 16  2  0  0  0  0
 17 18  2  0  0  0  0
 17 25  1  0  0  0  0
 18 26  1  0  0  0  0
M  END
> <PUBCHEM_BONDANNOTATIONS>
9  1  5
11  21  6
12  22  6
10  2  6
7  19  6
8  20  6

$$$$
