25477
  4854              3D

 18 12  0  0  0  0  0  0  0  0999 V2000
   -1.8102   -0.0224    3.4961 O   0  0  0  0  0  0  0  0  0  0  0  0
   -1.4367    0.8644    3.3872 H   0  0  0  0  0  0  0  0  0  0  0  0
   -2.7229    0.0631    3.1841 H   0  0  0  0  0  0  0  0  0  0  0  0
   -0.7396   -2.9500   -1.2389 Si  0  0  0  0  0  0  0  0  0  0  0  0
   -1.7322   -1.9095   -2.0803 O   0  0  0  0  0  0  0  0  0  0  0  0
    0.8353   -2.6286   -1.6106 O   0  5  0  0  0  0  0  0  0  0  0  0
   -1.0977   -4.5047   -1.6589 O   0  5  0  0  0  0  0  0  0  0  0  0
   -0.9780   -2.7492    0.3815 O   0  5  0  0  0  0  0  0  0  0  0  0
   -1.6293   -0.9554   -1.9264 H   0  0  0  0  0  0  0  0  0  0  0  0
   -2.0528    2.4716   -0.7345 Si  0  0  0  0  0  0  0  0  0  0  0  0
   -3.0924    3.7252   -1.0906 O   0  0  0  0  0  0  0  0  0  0  0  0
   -0.5709    2.7853   -1.3898 O   0  5  0  0  0  0  0  0  0  0  0  0
   -1.9107    2.3232    0.9035 O   0  5  0  0  0  0  0  0  0  0  0  0
   -2.6464    1.0662   -1.3634 O   0  5  0  0  0  0  0  0  0  0  0  0
   -3.2777    4.3740   -0.3913 H   0  0  0  0  0  0  0  0  0  0  0  0
   21.6592    1.4981    0.2297 Mg  0  2  0  0  0  0  0  0  0  0  0  0
    1.1448    0.3156    1.0262 Mg  0  2  0  0  0  0  0  0  0  0  0  0
    2.2759   -2.2042    1.8251 Mg  0  2  0  0  0  0  0  0  0  0  0  0
  4  5  1  0  0  0  0
  4  6  1  0  0  0  0
  4  7  1  0  0  0  0
  4  8  1  0  0  0  0
 10 11  1  0  0  0  0
 10 12  1  0  0  0  0
 10 13  1  0  0  0  0
 10 14  1  0  0  0  0
  5  9  1  0  0  0  0
 11 15  1  0  0  0  0
  1  2  1  0  0  0  0
  1  3  1  0  0  0  0
M  CHG  8  16   2  17   2  18   2   6  -1   7  -1   8  -1  12  -1  13  -1
M  CHG  1  14  -1
M  END
>  <energy>
-0.54332201226876542

$$$$
