2256
  Marvin  12300703363D          

 28 28  0  0  0  0            999 V2000
    1.9796    4.0962   -1.0975 Cl  0  0  0  0  0  0  0  0  0  0  0  0
    2.0440   -0.8587   -0.8003 N   0  0  0  0  0  0  0  0  0  0  0  0
   -2.0423    1.1517   -0.8340 N   0  0  0  0  0  0  0  0  0  0  0  0
    0.0010    0.1753   -1.0014 N   0  0  0  0  0  0  0  0  0  0  0  0
    1.9659    1.4566   -1.0496 N   0  0  0  0  0  0  0  0  0  0  0  0
   -0.1363    2.5151   -1.0251 N   0  0  0  0  0  0  0  0  0  0  0  0
    2.1477   -1.4824    0.4552 C   0  0  2  0  0  0  0  0  0  0  0  0
    2.9450   -2.8028    0.3261 C   0  0  0  0  0  0  0  0  0  0  0  0
    0.8135   -1.7221    1.2224 C   0  0  0  0  0  0  0  0  0  0  0  0
    1.3545    0.2463   -0.9924 C   0  0  0  0  0  0  0  0  0  0  0  0
   -2.6463    1.3202    0.4112 C   0  0  0  0  0  0  0  0  0  0  0  0
   -0.7458    1.3024   -0.9915 C   0  0  0  0  0  0  0  0  0  0  0  0
   -4.1834    1.2964    0.3365 C   0  0  0  0  0  0  0  0  0  0  0  0
    1.2198    2.5903   -1.0714 C   0  0  0  0  0  0  0  0  0  0  0  0
    2.7528   -0.8172    1.0806 H   0  0  0  0  0  0  0  0  0  0  0  0
    2.5565   -1.1875   -1.5117 H   0  0  0  0  0  0  0  0  0  0  0  0
    3.9034   -2.6361   -0.1698 H   0  0  0  0  0  0  0  0  0  0  0  0
    3.1557   -3.2197    1.3140 H   0  0  0  0  0  0  0  0  0  0  0  0
    2.3831   -3.5445   -0.2460 H   0  0  0  0  0  0  0  0  0  0  0  0
    0.9911   -2.1937    2.1908 H   0  0  0  0  0  0  0  0  0  0  0  0
    0.1390   -2.3565    0.6427 H   0  0  0  0  0  0  0  0  0  0  0  0
    0.3022   -0.7802    1.4333 H   0  0  0  0  0  0  0  0  0  0  0  0
   -2.3399    2.2615    0.8781 H   0  0  0  0  0  0  0  0  0  0  0  0
   -2.3266    0.5031    1.0658 H   0  0  0  0  0  0  0  0  0  0  0  0
   -2.5463    0.8089   -1.5442 H   0  0  0  0  0  0  0  0  0  0  0  0
   -4.6004    1.3417    1.3450 H   0  0  0  0  0  0  0  0  0  0  0  0
   -4.5504    2.1560   -0.2271 H   0  0  0  0  0  0  0  0  0  0  0  0
   -4.5372    0.3798   -0.1399 H   0  0  0  0  0  0  0  0  0  0  0  0
  1 14  1  0  0  0  0
  2  7  1  0  0  0  0
  2 10  1  0  0  0  0
  2 16  1  0  0  0  0
  3 11  1  0  0  0  0
  3 12  1  0  0  0  0
  3 25  1  0  0  0  0
  4 10  1  0  0  0  0
  4 12  2  0  0  0  0
  5 10  2  0  0  0  0
  5 14  1  0  0  0  0
  6 12  1  0  0  0  0
  6 14  2  0  0  0  0
  7  8  1  0  0  0  0
  7  9  1  0  0  0  0
  7 15  1  0  0  0  0
  8 17  1  0  0  0  0
  8 18  1  0  0  0  0
  8 19  1  0  0  0  0
  9 20  1  0  0  0  0
  9 21  1  0  0  0  0
  9 22  1  0  0  0  0
 11 13  1  0  0  0  0
 11 23  1  0  0  0  0
 11 24  1  0  0  0  0
 13 26  1  0  0  0  0
 13 27  1  0  0  0  0
 13 28  1  0  0  0  0
M  END
> <PUBCHEM_BONDANNOTATIONS>
4  10  8
4  12  8
5  10  8
5  14  8
6  12  8
6  14  8

$$$$
