8078
  Marvin  12300703363D          

 18 18  0  0  0  0            999 V2000
   -1.4335   -0.5953    0.0042 C   0  0  0  0  0  0  0  0  0  0  0  0
   -0.2009   -1.5388    0.0042 C   0  0  0  0  0  0  0  0  0  0  0  0
   -1.2323    0.9439    0.0050 C   0  0  0  0  0  0  0  0  0  0  0  0
    1.2321   -0.9441    0.0049 C   0  0  0  0  0  0  0  0  0  0  0  0
    0.2011    1.5388    0.0041 C   0  0  0  0  0  0  0  0  0  0  0  0
    1.4334    0.5955    0.0044 C   0  0  0  0  0  0  0  0  0  0  0  0
   -2.0664   -0.8583    0.8583 H   0  0  0  0  0  0  0  0  0  0  0  0
   -2.0498   -0.8509   -0.8640 H   0  0  0  0  0  0  0  0  0  0  0  0
   -0.2902   -2.2186    0.8584 H   0  0  0  0  0  0  0  0  0  0  0  0
   -0.2874   -2.2008   -0.8640 H   0  0  0  0  0  0  0  0  0  0  0  0
   -1.7756    1.3599    0.8601 H   0  0  0  0  0  0  0  0  0  0  0  0
   -1.7633    1.3504   -0.8621 H   0  0  0  0  0  0  0  0  0  0  0  0
    1.7758   -1.3601    0.8598 H   0  0  0  0  0  0  0  0  0  0  0  0
    1.7631   -1.3502   -0.8624 H   0  0  0  0  0  0  0  0  0  0  0  0
    0.2901    2.2188    0.8581 H   0  0  0  0  0  0  0  0  0  0  0  0
    0.2874    2.2005   -0.8643 H   0  0  0  0  0  0  0  0  0  0  0  0
    2.0660    0.8582    0.8589 H   0  0  0  0  0  0  0  0  0  0  0  0
    2.0501    0.8511   -0.8634 H   0  0  0  0  0  0  0  0  0  0  0  0
  1  2  1  0  0  0  0
  1  3  1  0  0  0  0
  1  7  1  0  0  0  0
  1  8  1  0  0  0  0
  2  4  1  0  0  0  0
  2  9  1  0  0  0  0
  2 10  1  0  0  0  0
  3  5  1  0  0  0  0
  3 11  1  0  0  0  0
  3 12  1  0  0  0  0
  4  6  1  0  0  0  0
  4 13  1  0  0  0  0
  4 14  1  0  0  0  0
  5  6  1  0  0  0  0
  5 15  1  0  0  0  0
  5 16  1  0  0  0  0
  6 17  1  0  0  0  0
  6 18  1  0  0  0  0
M  END
$$$$
