9117
  Marvin  12300703363D          

 34 39  0  0  0  0            999 V2000
   -0.7099   -0.9264    0.0000 C   0  0  0  0  0  0  0  0  0  0  0  0
    0.7099   -0.9264   -0.0000 C   0  0  0  0  0  0  0  0  0  0  0  0
   -1.4190    0.3073    0.0000 C   0  0  0  0  0  0  0  0  0  0  0  0
    1.4190    0.3073    0.0000 C   0  0  0  0  0  0  0  0  0  0  0  0
   -0.7130    1.5487   -0.0000 C   0  0  0  0  0  0  0  0  0  0  0  0
    0.7130    1.5487    0.0000 C   0  0  0  0  0  0  0  0  0  0  0  0
   -1.4166   -2.1637   -0.0000 C   0  0  0  0  0  0  0  0  0  0  0  0
    1.4166   -2.1637   -0.0000 C   0  0  0  0  0  0  0  0  0  0  0  0
   -2.8454    0.2822   -0.0000 C   0  0  0  0  0  0  0  0  0  0  0  0
    2.8454    0.2822    0.0000 C   0  0  0  0  0  0  0  0  0  0  0  0
   -0.7014   -3.3799    0.0000 C   0  0  0  0  0  0  0  0  0  0  0  0
    0.7014   -3.3799    0.0000 C   0  0  0  0  0  0  0  0  0  0  0  0
   -2.8261   -2.1591    0.0000 C   0  0  0  0  0  0  0  0  0  0  0  0
    2.8261   -2.1591   -0.0000 C   0  0  0  0  0  0  0  0  0  0  0  0
   -1.4894    2.7369    0.0000 C   0  0  0  0  0  0  0  0  0  0  0  0
    1.4894    2.7369   -0.0000 C   0  0  0  0  0  0  0  0  0  0  0  0
   -3.5336   -0.9478   -0.0000 C   0  0  0  0  0  0  0  0  0  0  0  0
    3.5336   -0.9478   -0.0000 C   0  0  0  0  0  0  0  0  0  0  0  0
   -3.5660    1.4952   -0.0000 C   0  0  0  0  0  0  0  0  0  0  0  0
    3.5660    1.4952   -0.0000 C   0  0  0  0  0  0  0  0  0  0  0  0
   -2.8892    2.7201    0.0000 C   0  0  0  0  0  0  0  0  0  0  0  0
    2.8892    2.7201    0.0000 C   0  0  0  0  0  0  0  0  0  0  0  0
   -1.1900   -4.2804   -0.0000 H   0  0  0  0  0  0  0  0  0  0  0  0
    1.1900   -4.2804    0.0000 H   0  0  0  0  0  0  0  0  0  0  0  0
   -3.3579   -3.0342   -0.0000 H   0  0  0  0  0  0  0  0  0  0  0  0
    3.3579   -3.0342   -0.0000 H   0  0  0  0  0  0  0  0  0  0  0  0
   -1.0794    3.6694    0.0000 H   0  0  0  0  0  0  0  0  0  0  0  0
    1.0794    3.6694   -0.0000 H   0  0  0  0  0  0  0  0  0  0  0  0
   -4.5570   -0.9797    0.0000 H   0  0  0  0  0  0  0  0  0  0  0  0
    4.5570   -0.9797    0.0000 H   0  0  0  0  0  0  0  0  0  0  0  0
   -4.5885    1.5103   -0.0000 H   0  0  0  0  0  0  0  0  0  0  0  0
    4.5885    1.5103    0.0000 H   0  0  0  0  0  0  0  0  0  0  0  0
   -3.4095    3.6012   -0.0000 H   0  0  0  0  0  0  0  0  0  0  0  0
    3.4095    3.6012    0.0000 H   0  0  0  0  0  0  0  0  0  0  0  0
  1  2  1  0  0  0  0
  1  3  1  0  0  0  0
  1  7  2  0  0  0  0
  2  4  1  0  0  0  0
  2  8  2  0  0  0  0
  3  5  1  0  0  0  0
  3  9  2  0  0  0  0
  4  6  1  0  0  0  0
  4 10  2  0  0  0  0
  5  6  1  0  0  0  0
  5 15  2  0  0  0  0
  6 16  2  0  0  0  0
  7 11  1  0  0  0  0
  7 13  1  0  0  0  0
  8 12  1  0  0  0  0
  8 14  1  0  0  0  0
  9 17  1  0  0  0  0
  9 19  1  0  0  0  0
 10 18  1  0  0  0  0
 10 20  1  0  0  0  0
 11 12  2  0  0  0  0
 11 23  1  0  0  0  0
 12 24  1  0  0  0  0
 13 17  2  0  0  0  0
 13 25  1  0  0  0  0
 14 18  2  0  0  0  0
 14 26  1  0  0  0  0
 15 21  1  0  0  0  0
 15 27  1  0  0  0  0
 16 22  1  0  0  0  0
 16 28  1  0  0  0  0
 17 29  1  0  0  0  0
 18 30  1  0  0  0  0
 19 21  2  0  0  0  0
 19 31  1  0  0  0  0
 20 22  2  0  0  0  0
 20 32  1  0  0  0  0
 21 33  1  0  0  0  0
 22 34  1  0  0  0  0
M  END
> <PUBCHEM_BONDANNOTATIONS>
1  2  8
1  3  8
1  7  8
10  18  8
10  20  8
11  12  8
13  17  8
14  18  8
15  21  8
16  22  8
19  21  8
2  4  8
2  8  8
20  22  8
3  5  8
3  9  8
4  10  8
4  6  8
5  15  8
5  6  8
6  16  8
7  11  8
7  13  8
8  12  8
8  14  8
9  17  8
9  19  8

$$$$
