5993
  Marvin  12300703363D          

 24 26  0  0  1  0            999 V2000
   -1.8839   -0.9678   -2.4599 Cl  0  0  0  0  0  0  0  0  0  0  0  0
   -0.5910    3.0524    1.0617 Cl  0  0  0  0  0  0  0  0  0  0  0  0
   -3.1520    1.9167   -0.9979 Cl  0  0  0  0  0  0  0  0  0  0  0  0
   -0.8517    2.3653   -2.3402 Cl  0  0  0  0  0  0  0  0  0  0  0  0
    2.1853   -2.2389   -1.7059 Cl  0  0  0  0  0  0  0  0  0  0  0  0
    0.9334   -2.2175    2.1428 Cl  0  0  0  0  0  0  0  0  0  0  0  0
   -2.6023   -1.9206    0.6056 Cl  0  0  0  0  0  0  0  0  0  0  0  0
   -1.8391    0.4995    2.7177 Cl  0  0  0  0  0  0  0  0  0  0  0  0
    0.3763   -0.2487   -1.0298 C   0  0  2  0  0  0  0  0  0  0  0  0
    0.7362    0.8742   -0.0227 C   0  0  1  0  0  0  0  0  0  0  0  0
   -1.1902   -0.1535   -1.0515 C   0  0  1  0  0  0  0  0  0  0  0  0
   -0.6819    1.4376    0.3458 C   0  0  2  0  0  0  0  0  0  0  0  0
   -1.4581    1.3769   -0.9991 C   0  0  2  0  0  0  0  0  0  0  0  0
    1.0352   -1.5685   -0.5428 C   0  0  2  0  0  0  0  0  0  0  0  0
    1.6018    0.2473    1.0969 C   0  0  0  0  0  0  0  0  0  0  0  0
    1.6747   -1.2780    0.8421 C   0  0  1  0  0  0  0  0  0  0  0  0
   -1.7583   -0.5303    0.2414 C   0  0  0  0  0  0  0  0  0  0  0  0
   -1.4482    0.4488    1.0974 C   0  0  0  0  0  0  0  0  0  0  0  0
    0.7656    0.0173   -2.0198 H   0  0  0  0  0  0  0  0  0  0  0  0
    1.3283    1.6503   -0.5231 H   0  0  0  0  0  0  0  0  0  0  0  0
    0.2782   -2.3529   -0.4783 H   0  0  0  0  0  0  0  0  0  0  0  0
    2.6075    0.6773    1.0719 H   0  0  0  0  0  0  0  0  0  0  0  0
    1.2088    0.4942    2.0861 H   0  0  0  0  0  0  0  0  0  0  0  0
    2.7254   -1.5810    0.8617 H   0  0  0  0  0  0  0  0  0  0  0  0
  1 11  1  0  0  0  0
  2 12  1  0  0  0  0
  3 13  1  0  0  0  0
  4 13  1  0  0  0  0
  5 14  1  0  0  0  0
  6 16  1  0  0  0  0
  7 17  1  0  0  0  0
  8 18  1  0  0  0  0
  9 10  1  0  0  0  0
  9 11  1  0  0  0  0
  9 14  1  0  0  0  0
  9 19  1  0  0  0  0
 10 12  1  0  0  0  0
 10 15  1  0  0  0  0
 10 20  1  0  0  0  0
 11 13  1  0  0  0  0
 11 17  1  0  0  0  0
 12 13  1  0  0  0  0
 12 18  1  0  0  0  0
 14 16  1  0  0  0  0
 14 21  1  0  0  0  0
 15 16  1  0  0  0  0
 15 22  1  0  0  0  0
 15 23  1  0  0  0  0
 16 24  1  0  0  0  0
 17 18  2  0  0  0  0
M  END
> <PUBCHEM_BONDANNOTATIONS>
11  1  3
10  15  3
12  2  3
14  5  3
16  6  3
9  11  3

$$$$
