3036
  Marvin  12300703363D          

 28 29  0  0  0  0            999 V2000
    0.8981   -1.1872   -3.4244 Cl  0  0  0  0  0  0  0  0  0  0  0  0
   -0.7757   -2.9981   -2.4179 Cl  0  0  0  0  0  0  0  0  0  0  0  0
    1.5898   -2.6102   -1.0453 Cl  0  0  0  0  0  0  0  0  0  0  0  0
    2.2577    4.8638   -1.0544 Cl  0  0  0  0  0  0  0  0  0  0  0  0
   -1.6478   -2.2708    4.7242 Cl  0  0  0  0  0  0  0  0  0  0  0  0
   -0.3640   -0.5897   -0.9723 C   0  0  2  0  0  0  0  0  0  0  0  0
    0.3099    0.7548   -1.0745 C   0  0  0  0  0  0  0  0  0  0  0  0
   -0.6883   -0.9647    0.4571 C   0  0  0  0  0  0  0  0  0  0  0  0
    0.2977   -1.7198   -1.8515 C   0  0  1  0  0  0  0  0  0  0  0  0
    1.7199    0.9116   -1.0349 C   0  0  0  0  0  0  0  0  0  0  0  0
   -1.5358   -2.0677    0.7373 C   0  0  0  0  0  0  0  0  0  0  0  0
   -0.4669    1.9406   -1.1261 C   0  0  0  0  0  0  0  0  0  0  0  0
   -0.2001   -0.2622    1.5948 C   0  0  0  0  0  0  0  0  0  0  0  0
    2.3273    2.1786   -1.0493 C   0  0  0  0  0  0  0  0  0  0  0  0
   -1.8277   -2.4875    2.0477 C   0  0  0  0  0  0  0  0  0  0  0  0
    0.1279    3.2140   -1.1259 C   0  0  0  0  0  0  0  0  0  0  0  0
   -0.5026   -0.6470    2.9121 C   0  0  0  0  0  0  0  0  0  0  0  0
    1.5300    3.3367   -1.0822 C   0  0  0  0  0  0  0  0  0  0  0  0
   -1.3071   -1.7759    3.1425 C   0  0  0  0  0  0  0  0  0  0  0  0
   -1.3489   -0.4549   -1.4338 H   0  0  0  0  0  0  0  0  0  0  0  0
    2.3416    0.1040   -0.9844 H   0  0  0  0  0  0  0  0  0  0  0  0
   -1.9723   -2.6020   -0.0125 H   0  0  0  0  0  0  0  0  0  0  0  0
   -1.4887    1.8895   -1.1428 H   0  0  0  0  0  0  0  0  0  0  0  0
    0.3949    0.5622    1.5029 H   0  0  0  0  0  0  0  0  0  0  0  0
    3.3484    2.2469   -1.0263 H   0  0  0  0  0  0  0  0  0  0  0  0
   -2.4196   -3.3088    2.1945 H   0  0  0  0  0  0  0  0  0  0  0  0
   -0.4677    4.0451   -1.1486 H   0  0  0  0  0  0  0  0  0  0  0  0
   -0.1302   -0.1012    3.6937 H   0  0  0  0  0  0  0  0  0  0  0  0
  1  9  1  0  0  0  0
  2  9  1  0  0  0  0
  3  9  1  0  0  0  0
  4 18  1  0  0  0  0
  5 19  1  0  0  0  0
  6  7  1  0  0  0  0
  6  8  1  0  0  0  0
  6  9  1  0  0  0  0
  6 20  1  0  0  0  0
  7 10  2  0  0  0  0
  7 12  1  0  0  0  0
  8 11  2  0  0  0  0
  8 13  1  0  0  0  0
 10 14  1  0  0  0  0
 10 21  1  0  0  0  0
 11 15  1  0  0  0  0
 11 22  1  0  0  0  0
 12 16  2  0  0  0  0
 12 23  1  0  0  0  0
 13 17  2  0  0  0  0
 13 24  1  0  0  0  0
 14 18  2  0  0  0  0
 14 25  1  0  0  0  0
 15 19  2  0  0  0  0
 15 26  1  0  0  0  0
 16 18  1  0  0  0  0
 16 27  1  0  0  0  0
 17 19  1  0  0  0  0
 17 28  1  0  0  0  0
M  END
> <PUBCHEM_BONDANNOTATIONS>
10  14  8
11  15  8
12  16  8
13  17  8
14  18  8
15  19  8
16  18  8
17  19  8
7  10  8
7  12  8
8  11  8
8  13  8

$$$$
