6460
  4854              3D

 35 37  0  0  0  0  0  0  0  0999 V2000
   -0.9284    0.4229   -0.9980 Sn  0  0  0  0  0  0  0  0  0  0  0  0
    0.5736    1.8520   -0.6189 C   0  0  0  0  0  0  0  0  0  0  0  0
   -1.3303   -0.6160    0.7770 C   0  0  0  0  0  0  0  0  0  0  0  0
   -0.7534   -1.3476   -2.1299 C   0  0  0  0  0  0  0  0  0  0  0  0
   -0.5314    2.4803   -1.3282 C   0  0  0  0  0  0  0  0  0  0  0  0
   -1.0142   -1.5879    1.6827 C   0  0  0  0  0  0  0  0  0  0  0  0
   -1.1219   -0.7158   -3.3525 C   0  0  0  0  0  0  0  0  0  0  0  0
    1.6484    2.5900   -0.2763 C   0  0  0  0  0  0  0  0  0  0  0  0
   -2.4616    0.2277    1.0013 C   0  0  0  0  0  0  0  0  0  0  0  0
   -0.4484   -2.6821   -2.1206 C   0  0  0  0  0  0  0  0  0  0  0  0
   -0.4767    3.8287   -1.6567 C   0  0  0  0  0  0  0  0  0  0  0  0
   -1.7901   -1.7482    2.8332 C   0  0  0  0  0  0  0  0  0  0  0  0
   -1.1686   -1.4520   -4.5336 C   0  0  0  0  0  0  0  0  0  0  0  0
    1.7040    3.9474   -0.6175 C   0  0  0  0  0  0  0  0  0  0  0  0
   -3.2279    0.0732    2.1524 C   0  0  0  0  0  0  0  0  0  0  0  0
   -0.4937   -3.4207   -3.3075 C   0  0  0  0  0  0  0  0  0  0  0  0
    0.6493    4.5644   -1.2998 C   0  0  0  0  0  0  0  0  0  0  0  0
   -2.8891   -0.9189    3.0709 C   0  0  0  0  0  0  0  0  0  0  0  0
   -0.8548   -2.8091   -4.5099 C   0  0  0  0  0  0  0  0  0  0  0  0
    0.5588   -0.3113   -0.5702 H   0  0  0  0  0  0  0  0  0  0  0  0
   -1.3973    1.8846   -1.5923 H   0  0  0  0  0  0  0  0  0  0  0  0
   -0.1584   -2.2347    1.5128 H   0  0  0  0  0  0  0  0  0  0  0  0
   -1.3606    0.3420   -3.3631 H   0  0  0  0  0  0  0  0  0  0  0  0
    2.4794    2.1391    0.2588 H   0  0  0  0  0  0  0  0  0  0  0  0
   -2.7209    0.9844    0.2691 H   0  0  0  0  0  0  0  0  0  0  0  0
   -0.1609   -3.1709   -1.1950 H   0  0  0  0  0  0  0  0  0  0  0  0
   -1.2994    4.3003   -2.1817 H   0  0  0  0  0  0  0  0  0  0  0  0
   -1.5350   -2.5240    3.5511 H   0  0  0  0  0  0  0  0  0  0  0  0
   -1.4420   -0.9725   -5.4683 H   0  0  0  0  0  0  0  0  0  0  0  0
    2.5806    4.5322   -0.3519 H   0  0  0  0  0  0  0  0  0  0  0  0
   -4.0817    0.7196    2.3331 H   0  0  0  0  0  0  0  0  0  0  0  0
   -0.2402   -4.4773   -3.2966 H   0  0  0  0  0  0  0  0  0  0  0  0
    0.7086    5.6197   -1.5526 H   0  0  0  0  0  0  0  0  0  0  0  0
   -3.4802   -1.0474    3.9730 H   0  0  0  0  0  0  0  0  0  0  0  0
   -0.8859   -3.3904   -5.4268 H   0  0  0  0  0  0  0  0  0  0  0  0
  9 15  2  0  0  0  0
  1  2  1  0  0  0  0
  1  3  1  0  0  0  0
  1  4  1  0  0  0  0
  1 20  1  0  0  0  0
  2  5  2  0  0  0  0
  2  8  1  0  0  0  0
  3  6  2  0  0  0  0
  3  9  1  0  0  0  0
  4  7  2  0  0  0  0
  4 10  1  0  0  0  0
  5 11  1  0  0  0  0
  5 21  1  0  0  0  0
  6 12  1  0  0  0  0
  6 22  1  0  0  0  0
  7 13  1  0  0  0  0
  7 23  1  0  0  0  0
  8 14  2  0  0  0  0
  8 24  1  0  0  0  0
  9 25  1  0  0  0  0
 10 16  2  0  0  0  0
 10 26  1  0  0  0  0
 11 17  2  0  0  0  0
 11 27  1  0  0  0  0
 12 18  2  0  0  0  0
 12 28  1  0  0  0  0
 13 19  2  0  0  0  0
 13 29  1  0  0  0  0
 14 17  1  0  0  0  0
 14 30  1  0  0  0  0
 15 18  1  0  0  0  0
 15 31  1  0  0  0  0
 16 19  1  0  0  0  0
 16 32  1  0  0  0  0
 17 33  1  0  0  0  0
 18 34  1  0  0  0  0
 19 35  1  0  0  0  0
M  END
>  <PUBCHEM_BONDANNOTATIONS>
10  16  8
11  17  8
12  18  8
13  19  8
14  17  8
15  18  8
16  19  8
2  5  8
2  8  8
3  6  8
3  9  8
4  10  8
4  7  8
5  11  8
6  12  8
7  13  8
8  14  8
9  15  8

>  <energy>
34.885731618959063

$$$$
6460_1
  4854              3D

 35 37  0  0  0  0  0  0  0  0999 V2000
   -0.5852    0.2332   -1.1601 Sn  0  0  0  0  0  0  0  0  0  0  0  0
    0.3029    2.0889   -0.6208 C   0  0  0  0  0  0  0  0  0  0  0  0
   -0.9744   -0.6712    0.6840 C   0  0  0  0  0  0  0  0  0  0  0  0
   -1.2855   -1.6037   -1.9952 C   0  0  0  0  0  0  0  0  0  0  0  0
    1.1505    2.8337    0.1470 C   0  0  0  0  0  0  0  0  0  0  0  0
   -0.6340   -1.5381    1.6806 C   0  0  0  0  0  0  0  0  0  0  0  0
   -1.8798   -2.7888   -2.2579 C   0  0  0  0  0  0  0  0  0  0  0  0
   -0.4188    2.7093   -1.6876 C   0  0  0  0  0  0  0  0  0  0  0  0
   -2.1907    0.0782    0.7695 C   0  0  0  0  0  0  0  0  0  0  0  0
   -0.4063   -1.0068   -2.9788 C   0  0  0  0  0  0  0  0  0  0  0  0
    1.3358    4.1916   -0.1294 C   0  0  0  0  0  0  0  0  0  0  0  0
   -1.4726   -1.6877    2.7880 C   0  0  0  0  0  0  0  0  0  0  0  0
   -1.6351   -3.4382   -3.4752 C   0  0  0  0  0  0  0  0  0  0  0  0
   -0.2390    4.0631   -1.9568 C   0  0  0  0  0  0  0  0  0  0  0  0
   -3.0271   -0.0797    1.8676 C   0  0  0  0  0  0  0  0  0  0  0  0
   -0.1596   -1.6577   -4.1806 C   0  0  0  0  0  0  0  0  0  0  0  0
    0.6461    4.8040   -1.1779 C   0  0  0  0  0  0  0  0  0  0  0  0
   -2.6648   -0.9646    2.8805 C   0  0  0  0  0  0  0  0  0  0  0  0
   -0.7777   -2.8776   -4.4287 C   0  0  0  0  0  0  0  0  0  0  0  0
    1.0592    0.0719   -0.6546 H   0  0  0  0  0  0  0  0  0  0  0  0
    1.6966    2.3730    0.9648 H   0  0  0  0  0  0  0  0  0  0  0  0
    0.2825   -2.1143    1.6147 H   0  0  0  0  0  0  0  0  0  0  0  0
   -2.5443   -3.2506   -1.5325 H   0  0  0  0  0  0  0  0  0  0  0  0
   -1.1035    2.1171   -2.2858 H   0  0  0  0  0  0  0  0  0  0  0  0
   -2.4520    0.7621   -0.0302 H   0  0  0  0  0  0  0  0  0  0  0  0
    0.0581   -0.0532   -2.7659 H   0  0  0  0  0  0  0  0  0  0  0  0
    2.0284    4.7750    0.4723 H   0  0  0  0  0  0  0  0  0  0  0  0
   -1.1954   -2.3744    3.5837 H   0  0  0  0  0  0  0  0  0  0  0  0
   -2.1154   -4.3920   -3.6817 H   0  0  0  0  0  0  0  0  0  0  0  0
   -0.7785    4.5368   -2.7708 H   0  0  0  0  0  0  0  0  0  0  0  0
   -3.9547    0.4792    1.9339 H   0  0  0  0  0  0  0  0  0  0  0  0
    0.5078   -1.2171   -4.9144 H   0  0  0  0  0  0  0  0  0  0  0  0
    0.8015    5.8592   -1.3853 H   0  0  0  0  0  0  0  0  0  0  0  0
   -3.3113   -1.0965    3.7418 H   0  0  0  0  0  0  0  0  0  0  0  0
   -0.5968   -3.3985   -5.3642 H   0  0  0  0  0  0  0  0  0  0  0  0
  9 15  2  0  0  0  0
  1  2  1  0  0  0  0
  1  3  1  0  0  0  0
  1  4  1  0  0  0  0
  1 20  1  0  0  0  0
  2  5  2  0  0  0  0
  2  8  1  0  0  0  0
  3  6  2  0  0  0  0
  3  9  1  0  0  0  0
  4  7  2  0  0  0  0
  4 10  1  0  0  0  0
  5 11  1  0  0  0  0
  5 21  1  0  0  0  0
  6 12  1  0  0  0  0
  6 22  1  0  0  0  0
  7 13  1  0  0  0  0
  7 23  1  0  0  0  0
  8 14  2  0  0  0  0
  8 24  1  0  0  0  0
  9 25  1  0  0  0  0
 10 16  2  0  0  0  0
 10 26  1  0  0  0  0
 11 17  2  0  0  0  0
 11 27  1  0  0  0  0
 12 18  2  0  0  0  0
 12 28  1  0  0  0  0
 13 19  2  0  0  0  0
 13 29  1  0  0  0  0
 14 17  1  0  0  0  0
 14 30  1  0  0  0  0
 15 18  1  0  0  0  0
 15 31  1  0  0  0  0
 16 19  1  0  0  0  0
 16 32  1  0  0  0  0
 17 33  1  0  0  0  0
 18 34  1  0  0  0  0
 19 35  1  0  0  0  0
M  END
>  <PUBCHEM_BONDANNOTATIONS>
10  16  8
11  17  8
12  18  8
13  19  8
14  17  8
15  18  8
16  19  8
2  5  8
2  8  8
3  6  8
3  9  8
4  10  8
4  7  8
5  11  8
6  12  8
7  13  8
8  14  8
9  15  8

>  <energy>
35.770021840488887

$$$$
6460_2
  4854              3D

 35 37  0  0  0  0  0  0  0  0999 V2000
    0.1743   -0.2785   -0.6181 Sn  0  0  0  0  0  0  0  0  0  0  0  0
   -0.8360   -1.3853   -2.0757 C   0  0  0  0  0  0  0  0  0  0  0  0
    0.3941    1.7947   -0.7884 C   0  0  0  0  0  0  0  0  0  0  0  0
   -1.3986   -0.0802    0.7581 C   0  0  0  0  0  0  0  0  0  0  0  0
    0.2962   -1.3692   -2.9416 C   0  0  0  0  0  0  0  0  0  0  0  0
    1.2452    2.6369   -0.0922 C   0  0  0  0  0  0  0  0  0  0  0  0
   -2.5006    0.5252    1.2856 C   0  0  0  0  0  0  0  0  0  0  0  0
   -1.9732   -2.0450   -2.4469 C   0  0  0  0  0  0  0  0  0  0  0  0
   -0.5028    2.3231   -1.7304 C   0  0  0  0  0  0  0  0  0  0  0  0
   -0.8749   -1.2664    1.3706 C   0  0  0  0  0  0  0  0  0  0  0  0
    0.2459   -2.0314   -4.1627 C   0  0  0  0  0  0  0  0  0  0  0  0
    1.2095    4.0121   -0.3282 C   0  0  0  0  0  0  0  0  0  0  0  0
   -3.1138   -0.0106    2.4225 C   0  0  0  0  0  0  0  0  0  0  0  0
   -2.0228   -2.7087   -3.6756 C   0  0  0  0  0  0  0  0  0  0  0  0
   -0.5496    3.6967   -1.9552 C   0  0  0  0  0  0  0  0  0  0  0  0
   -1.4875   -1.7977    2.4994 C   0  0  0  0  0  0  0  0  0  0  0  0
   -0.9175   -2.7049   -4.5293 C   0  0  0  0  0  0  0  0  0  0  0  0
    0.3082    4.5420   -1.2518 C   0  0  0  0  0  0  0  0  0  0  0  0
   -2.6114   -1.1646    3.0283 C   0  0  0  0  0  0  0  0  0  0  0  0
    1.7726   -0.8700   -0.3365 H   0  0  0  0  0  0  0  0  0  0  0  0
    1.1933   -0.8380   -2.6418 H   0  0  0  0  0  0  0  0  0  0  0  0
    1.9358    2.2288    0.6395 H   0  0  0  0  0  0  0  0  0  0  0  0
   -2.9042    1.4240    0.8295 H   0  0  0  0  0  0  0  0  0  0  0  0
   -2.8354   -2.0626   -1.7872 H   0  0  0  0  0  0  0  0  0  0  0  0
   -1.1615    1.6567   -2.2784 H   0  0  0  0  0  0  0  0  0  0  0  0
   -0.0030   -1.7481    0.9422 H   0  0  0  0  0  0  0  0  0  0  0  0
    1.1078   -2.0308   -4.8229 H   0  0  0  0  0  0  0  0  0  0  0  0
    1.8840    4.6719    0.2114 H   0  0  0  0  0  0  0  0  0  0  0  0
   -3.9880    0.4787    2.8421 H   0  0  0  0  0  0  0  0  0  0  0  0
   -2.9253   -3.2398   -3.9644 H   0  0  0  0  0  0  0  0  0  0  0  0
   -1.2539    4.1078   -2.6723 H   0  0  0  0  0  0  0  0  0  0  0  0
   -1.0940   -2.6962    2.9648 H   0  0  0  0  0  0  0  0  0  0  0  0
   -0.9668   -3.2257   -5.4820 H   0  0  0  0  0  0  0  0  0  0  0  0
    0.2745    5.6137   -1.4249 H   0  0  0  0  0  0  0  0  0  0  0  0
   -3.0968   -1.5702    3.9111 H   0  0  0  0  0  0  0  0  0  0  0  0
  9 15  2  0  0  0  0
  1  2  1  0  0  0  0
  1  3  1  0  0  0  0
  1  4  1  0  0  0  0
  1 20  1  0  0  0  0
  2  5  2  0  0  0  0
  2  8  1  0  0  0  0
  3  6  2  0  0  0  0
  3  9  1  0  0  0  0
  4  7  2  0  0  0  0
  4 10  1  0  0  0  0
  5 11  1  0  0  0  0
  5 21  1  0  0  0  0
  6 12  1  0  0  0  0
  6 22  1  0  0  0  0
  7 13  1  0  0  0  0
  7 23  1  0  0  0  0
  8 14  2  0  0  0  0
  8 24  1  0  0  0  0
  9 25  1  0  0  0  0
 10 16  2  0  0  0  0
 10 26  1  0  0  0  0
 11 17  2  0  0  0  0
 11 27  1  0  0  0  0
 12 18  2  0  0  0  0
 12 28  1  0  0  0  0
 13 19  2  0  0  0  0
 13 29  1  0  0  0  0
 14 17  1  0  0  0  0
 14 30  1  0  0  0  0
 15 18  1  0  0  0  0
 15 31  1  0  0  0  0
 16 19  1  0  0  0  0
 16 32  1  0  0  0  0
 17 33  1  0  0  0  0
 18 34  1  0  0  0  0
 19 35  1  0  0  0  0
M  END
>  <PUBCHEM_BONDANNOTATIONS>
10  16  8
11  17  8
12  18  8
13  19  8
14  17  8
15  18  8
16  19  8
2  5  8
2  8  8
3  6  8
3  9  8
4  10  8
4  7  8
5  11  8
6  12  8
7  13  8
8  14  8
9  15  8

>  <energy>
36.000100397208854

$$$$
