17358
  -OEChem-02070708212D

  7  6  0     0  0  0  0  0  0999 V2000
    2.8660    0.0000    0.0000 S   0  0  0  0  0  0  0  0  0  0  0  0
    3.7321    0.5000    0.0000 F   0  0  0  0  0  0  0  0  0  0  0  0
    2.0000   -0.5000    0.0000 F   0  0  0  0  0  0  0  0  0  0  0  0
    2.0000    0.5000    0.0000 F   0  0  0  0  0  0  0  0  0  0  0  0
    2.8660   -1.0000    0.0000 F   0  0  0  0  0  0  0  0  0  0  0  0
    2.8660    1.0000    0.0000 F   0  0  0  0  0  0  0  0  0  0  0  0
    3.7321   -0.5000    0.0000 F   0  0  0  0  0  0  0  0  0  0  0  0
  1  2  1  0  0  0  0
  1  3  1  0  0  0  0
  1  4  1  0  0  0  0
  1  5  1  0  0  0  0
  1  6  1  0  0  0  0
  1  7  1  0  0  0  0
M  END
$$$$
