Benzene, pentachloro-, ID: C608935
 OpenBabel04210820133D

 12 12  0  0  0  0  0  0  0  0999 V2000
   -0.0167    1.3800    0.0096 C   0  0  0  0  0
    0.0021   -0.0041    0.0020 C   0  0  0  0  0
    1.1729    2.0882    0.0021 C   0  0  0  0  0
   -1.5316    2.2276    0.0214 Cl  0  0  0  0  0
    1.1495    3.8241    0.0116 Cl  0  0  0  0  0
    2.3800    1.4130   -0.0126 C   0  0  0  0  0
    2.3993    0.0299   -0.0207 C   0  0  0  0  0
    3.9148   -0.8168   -0.0397 Cl  0  0  0  0  0
    1.2104   -0.6793   -0.0131 C   0  0  0  0  0
    1.2348   -2.4151   -0.0221 Cl  0  0  0  0  0
   -1.4892   -0.8927    0.0121 Cl  0  0  0  0  0
    3.3078    1.9659   -0.0181 H   0  0  0  0  0
  1  2  2  0  0  0
  3  1  1  0  0  0
  1  4  1  0  0  0
  2  9  1  0  0  0
  2 11  1  0  0  0
  3  5  1  0  0  0
  6  3  2  0  0  0
  7  6  1  0  0  0
  6 12  1  0  0  0
  7  8  1  0  0  0
  9  7  2  0  0  0
  9 10  1  0  0  0
M  END
