6372
  Marvin  12300703363D          

  5  4  0  0  0  0            999 V2000
    1.6611   -0.0265   -0.0459 Cl  0  0  0  0  0  0  0  0  0  0  0  0
   -0.5529    1.2661   -0.0459 F   0  0  0  0  0  0  0  0  0  0  0  0
   -0.5529   -0.6728    1.0735 F   0  0  0  0  0  0  0  0  0  0  0  0
   -0.0959   -0.0265   -0.0459 C   0  0  2  0  0  0  0  0  0  0  0  0
   -0.4593   -0.5403   -0.9359 H   0  0  0  0  0  0  0  0  0  0  0  0
  1  4  1  0  0  0  0
  2  4  1  0  0  0  0
  3  4  1  0  0  0  0
  4  5  1  0  0  0  0
M  END
$$$$
