C8H18Cl2Sn
APtclcactv09030910393D 0   0.00000     0.00000
 
 29 28  0  0  0  0  0  0  0  0999 V2000
    0.0000   -1.9269   -1.3465 Cl  0  0  0  0  0  0  0  0  0  0  0  0
   -0.0000   -0.0000    0.0161 Sn  0  0  0  0  0  0  0  0  0  0  0  0
   -0.0000    1.9269   -1.3465 Cl  0  0  0  0  0  0  0  0  0  0  0  0
   -1.7555    0.0000    1.2574 C   0  0  0  0  0  0  0  0  0  0  0  0
   -3.0047    0.0000    0.3741 C   0  0  0  0  0  0  0  0  0  0  0  0
   -4.2539    0.0000    1.2574 C   0  0  0  0  0  0  0  0  0  0  0  0
   -5.5032    0.0000    0.3741 C   0  0  0  0  0  0  0  0  0  0  0  0
    1.7555    0.0000    1.2574 C   0  0  0  0  0  0  0  0  0  0  0  0
    3.0047    0.0000    0.3741 C   0  0  0  0  0  0  0  0  0  0  0  0
    4.2539    0.0000    1.2574 C   0  0  0  0  0  0  0  0  0  0  0  0
    5.5032    0.0000    0.3741 C   0  0  0  0  0  0  0  0  0  0  0  0
   -1.7555   -0.8900    1.8867 H   0  0  0  0  0  0  0  0  0  0  0  0
   -1.7555    0.8900    1.8867 H   0  0  0  0  0  0  0  0  0  0  0  0
   -3.0047    0.8900   -0.2553 H   0  0  0  0  0  0  0  0  0  0  0  0
   -3.0047   -0.8900   -0.2553 H   0  0  0  0  0  0  0  0  0  0  0  0
   -4.2539   -0.8900    1.8867 H   0  0  0  0  0  0  0  0  0  0  0  0
   -4.2539    0.8900    1.8867 H   0  0  0  0  0  0  0  0  0  0  0  0
   -6.3932    0.0000    1.0034 H   0  0  0  0  0  0  0  0  0  0  0  0
   -5.5032    0.8900   -0.2553 H   0  0  0  0  0  0  0  0  0  0  0  0
   -5.5032   -0.8900   -0.2553 H   0  0  0  0  0  0  0  0  0  0  0  0
    1.7555    0.8900    1.8867 H   0  0  0  0  0  0  0  0  0  0  0  0
    1.7555   -0.8900    1.8867 H   0  0  0  0  0  0  0  0  0  0  0  0
    3.0047   -0.8900   -0.2553 H   0  0  0  0  0  0  0  0  0  0  0  0
    3.0047    0.8900   -0.2553 H   0  0  0  0  0  0  0  0  0  0  0  0
    4.2539    0.8900    1.8867 H   0  0  0  0  0  0  0  0  0  0  0  0
    4.2539   -0.8900    1.8867 H   0  0  0  0  0  0  0  0  0  0  0  0
    6.3932    0.0000    1.0034 H   0  0  0  0  0  0  0  0  0  0  0  0
    5.5032   -0.8900   -0.2553 H   0  0  0  0  0  0  0  0  0  0  0  0
    5.5032    0.8900   -0.2553 H   0  0  0  0  0  0  0  0  0  0  0  0
  1  2  1  0  0  0  0
  2  3  1  0  0  0  0
  2  4  1  0  0  0  0
  4  5  1  0  0  0  0
  5  6  1  0  0  0  0
  6  7  1  0  0  0  0
  2  8  1  0  0  0  0
  8  9  1  0  0  0  0
  9 10  1  0  0  0  0
 10 11  1  0  0  0  0
  4 12  1  0  0  0  0
  4 13  1  0  0  0  0
  5 14  1  0  0  0  0
  5 15  1  0  0  0  0
  6 16  1  0  0  0  0
  6 17  1  0  0  0  0
  7 18  1  0  0  0  0
  7 19  1  0  0  0  0
  7 20  1  0  0  0  0
  8 21  1  0  0  0  0
  8 22  1  0  0  0  0
  9 23  1  0  0  0  0
  9 24  1  0  0  0  0
 10 25  1  0  0  0  0
 10 26  1  0  0  0  0
 11 27  1  0  0  0  0
 11 28  1  0  0  0  0
 11 29  1  0  0  0  0
M  END
$$$$

