16945
  Marvin  12300703363D          

 22 26  0  0  0  0            999 V2000
   -1.0985   -1.7471   -2.3066 Cl  0  0  0  0  0  0  0  0  0  0  0  0
   -1.7124   -2.4268    0.8705 Cl  0  0  0  0  0  0  0  0  0  0  0  0
    1.7228    2.4432   -0.8598 Cl  0  0  0  0  0  0  0  0  0  0  0  0
    1.1075    1.7677    2.3076 Cl  0  0  0  0  0  0  0  0  0  0  0  0
    1.9505   -0.4040   -2.5960 Cl  0  0  0  0  0  0  0  0  0  0  0  0
   -0.9159    1.5690   -2.7209 Cl  0  0  0  0  0  0  0  0  0  0  0  0
    0.9309   -1.5478    2.7283 Cl  0  0  0  0  0  0  0  0  0  0  0  0
   -1.9368    0.4233    2.6028 Cl  0  0  0  0  0  0  0  0  0  0  0  0
    1.8183   -2.9448   -0.2852 Cl  0  0  0  0  0  0  0  0  0  0  0  0
    3.3884   -0.7207    0.4932 Cl  0  0  0  0  0  0  0  0  0  0  0  0
   -3.3762    0.6298   -0.5112 Cl  0  0  0  0  0  0  0  0  0  0  0  0
   -1.9054    2.9219    0.2642 Cl  0  0  0  0  0  0  0  0  0  0  0  0
   -0.4287   -0.6905   -1.0552 C   0  0  1  0  0  0  0  0  0  0  0  0
   -0.7206   -1.0179    0.4676 C   0  0  2  0  0  0  0  0  0  0  0  0
    0.7309    1.0323   -0.4615 C   0  0  2  0  0  0  0  0  0  0  0  0
    0.4390    0.7056    1.0593 C   0  0  1  0  0  0  0  0  0  0  0  0
    1.0988   -0.3713   -1.0400 C   0  0  2  0  0  0  0  0  0  0  0  0
   -0.6750    0.8494   -1.1175 C   0  0  1  0  0  0  0  0  0  0  0  0
    0.6846   -0.8359    1.1223 C   0  0  1  0  0  0  0  0  0  0  0  0
   -1.0896    0.3843    1.0445 C   0  0  2  0  0  0  0  0  0  0  0  0
    1.7442   -1.2144    0.0731 C   0  0  1  0  0  0  0  0  0  0  0  0
   -1.7568    1.1948   -0.0797 C   0  0  2  0  0  0  0  0  0  0  0  0
  1 13  1  0  0  0  0
  2 14  1  0  0  0  0
  3 15  1  0  0  0  0
  4 16  1  0  0  0  0
  5 17  1  0  0  0  0
  6 18  1  0  0  0  0
  7 19  1  0  0  0  0
  8 20  1  0  0  0  0
  9 21  1  0  0  0  0
 10 21  1  0  0  0  0
 11 22  1  0  0  0  0
 12 22  1  0  0  0  0
 13 14  1  0  0  0  0
 13 17  1  0  0  0  0
 13 18  1  0  0  0  0
 14 19  1  0  0  0  0
 14 20  1  0  0  0  0
 15 16  1  0  0  0  0
 15 17  1  0  0  0  0
 15 18  1  0  0  0  0
 16 19  1  0  0  0  0
 16 20  1  0  0  0  0
 17 21  1  0  0  0  0
 18 22  1  0  0  0  0
 19 21  1  0  0  0  0
 20 22  1  0  0  0  0
M  END
$$$$
