5216
  Marvin  12300703363D          

 25 25  0  0  0  0            999 V2000
    2.1674    3.7540   -0.8516 Cl  0  0  0  0  0  0  0  0  0  0  0  0
    1.9042   -1.2241   -0.6580 N   0  0  0  0  0  0  0  0  0  0  0  0
   -2.0122    1.0370   -0.6580 N   0  0  0  0  0  0  0  0  0  0  0  0
   -0.0320   -0.0553   -0.8133 N   0  0  0  0  0  0  0  0  0  0  0  0
   -0.0330    2.2941   -0.8139 N   0  0  0  0  0  0  0  0  0  0  0  0
    2.0032    1.1184   -0.8139 N   0  0  0  0  0  0  0  0  0  0  0  0
    2.3330   -1.6685    0.5904 C   0  0  0  0  0  0  0  0  0  0  0  0
   -2.6115    1.1862    0.5904 C   0  0  0  0  0  0  0  0  0  0  0  0
    1.3206   -0.0575   -0.7966 C   0  0  0  0  0  0  0  0  0  0  0  0
   -0.7101    1.1149   -0.7966 C   0  0  0  0  0  0  0  0  0  0  0  0
    3.0652   -3.0194    0.5132 C   0  0  0  0  0  0  0  0  0  0  0  0
   -4.1475    1.1448    0.5132 C   0  0  0  0  0  0  0  0  0  0  0  0
    1.3238    2.2929   -0.8365 C   0  0  0  0  0  0  0  0  0  0  0  0
    1.4609   -1.7948    1.2412 H   0  0  0  0  0  0  0  0  0  0  0  0
    2.9985   -0.9374    1.0609 H   0  0  0  0  0  0  0  0  0  0  0  0
   -2.2848    0.3677    1.2412 H   0  0  0  0  0  0  0  0  0  0  0  0
   -2.3110    2.1281    1.0609 H   0  0  0  0  0  0  0  0  0  0  0  0
    1.9335   -1.8061   -1.3901 H   0  0  0  0  0  0  0  0  0  0  0  0
   -2.5309    0.7714   -1.3901 H   0  0  0  0  0  0  0  0  0  0  0  0
    3.3101   -3.3625    1.5203 H   0  0  0  0  0  0  0  0  0  0  0  0
    3.9924   -2.9170   -0.0531 H   0  0  0  0  0  0  0  0  0  0  0  0
    2.4372   -3.7746    0.0364 H   0  0  0  0  0  0  0  0  0  0  0  0
   -4.5671    1.1854    1.5203 H   0  0  0  0  0  0  0  0  0  0  0  0
   -4.5224    1.9990   -0.0531 H   0  0  0  0  0  0  0  0  0  0  0  0
   -4.4875    0.2233    0.0364 H   0  0  0  0  0  0  0  0  0  0  0  0
  1 13  1  0  0  0  0
  2  7  1  0  0  0  0
  2  9  1  0  0  0  0
  2 18  1  0  0  0  0
  3  8  1  0  0  0  0
  3 10  1  0  0  0  0
  3 19  1  0  0  0  0
  4  9  2  0  0  0  0
  4 10  1  0  0  0  0
  5 10  2  0  0  0  0
  5 13  1  0  0  0  0
  6  9  1  0  0  0  0
  6 13  2  0  0  0  0
  7 11  1  0  0  0  0
  7 14  1  0  0  0  0
  7 15  1  0  0  0  0
  8 12  1  0  0  0  0
  8 16  1  0  0  0  0
  8 17  1  0  0  0  0
 11 20  1  0  0  0  0
 11 21  1  0  0  0  0
 11 22  1  0  0  0  0
 12 23  1  0  0  0  0
 12 24  1  0  0  0  0
 12 25  1  0  0  0  0
M  END
> <PUBCHEM_BONDANNOTATIONS>
4  10  8
4  9  8
5  10  8
5  13  8
6  13  8
6  9  8

$$$$
