154482
  Marvin  01010813343D          

 22 23  0  0  0  0            999 V2000
    3.1752   -0.6973    0.0000 Br  0  0  0  0  0  0  0  0  0  0  0  0
   -3.1752    0.6973    0.0000 Br  0  0  0  0  0  0  0  0  0  0  0  0
    4.4849    2.1179    0.0000 Br  0  0  0  0  0  0  0  0  0  0  0  0
   -4.4849   -2.1179   -0.0000 Br  0  0  0  0  0  0  0  0  0  0  0  0
    2.7046    4.8312   -0.0000 Br  0  0  0  0  0  0  0  0  0  0  0  0
   -2.7046   -4.8312    0.0000 Br  0  0  0  0  0  0  0  0  0  0  0  0
    0.4489    0.5926   -0.0000 C   0  0  0  0  0  0  0  0  0  0  0  0
   -0.4489   -0.5926    0.0000 C   0  0  0  0  0  0  0  0  0  0  0  0
    1.9013    0.6802   -0.0000 C   0  0  0  0  0  0  0  0  0  0  0  0
   -1.9013   -0.6802   -0.0000 C   0  0  0  0  0  0  0  0  0  0  0  0
   -0.1387    1.8884    0.0000 C   0  0  0  0  0  0  0  0  0  0  0  0
    0.1387   -1.8884    0.0000 C   0  0  0  0  0  0  0  0  0  0  0  0
    2.6186    1.9182   -0.0000 C   0  0  0  0  0  0  0  0  0  0  0  0
   -2.6186   -1.9182    0.0000 C   0  0  0  0  0  0  0  0  0  0  0  0
    0.5284    3.1177    0.0000 C   0  0  0  0  0  0  0  0  0  0  0  0
   -0.5284   -3.1177   -0.0000 C   0  0  0  0  0  0  0  0  0  0  0  0
    1.9195    3.1374   -0.0000 C   0  0  0  0  0  0  0  0  0  0  0  0
   -1.9195   -3.1374   -0.0000 C   0  0  0  0  0  0  0  0  0  0  0  0
   -1.1192    2.0621    0.0000 H   0  0  0  0  0  0  0  0  0  0  0  0
    1.1192   -2.0621    0.0000 H   0  0  0  0  0  0  0  0  0  0  0  0
   -0.0012    3.9952   -0.0000 H   0  0  0  0  0  0  0  0  0  0  0  0
    0.0012   -3.9952   -0.0000 H   0  0  0  0  0  0  0  0  0  0  0  0
  1  9  1  0  0  0  0
  2 10  1  0  0  0  0
  3 13  1  0  0  0  0
  4 14  1  0  0  0  0
  5 17  1  0  0  0  0
  6 18  1  0  0  0  0
  7  8  1  0  0  0  0
  7  9  2  0  0  0  0
  7 11  1  0  0  0  0
  8 10  2  0  0  0  0
  8 12  1  0  0  0  0
  9 13  1  0  0  0  0
 10 14  1  0  0  0  0
 11 15  2  0  0  0  0
 11 19  1  0  0  0  0
 12 16  2  0  0  0  0
 12 20  1  0  0  0  0
 13 17  2  0  0  0  0
 14 18  2  0  0  0  0
 15 17  1  0  0  0  0
 15 21  1  0  0  0  0
 16 18  1  0  0  0  0
 16 22  1  0  0  0  0
M  END
> <PUBCHEM_BONDANNOTATIONS>
10  14  8
11  15  8
12  16  8
13  17  8
14  18  8
15  17  8
16  18  8
7  11  8
7  9  8
8  10  8
8  12  8
9  13  8

$$$$
