67296
  Marvin  12310720203D          

 40 40  0  0  0  0            999 V2000
    3.7497    1.9769   -2.3448 O   0  0  0  0  0  0  0  0  0  0  0  0
   -0.3752   -0.4903    0.5680 C   0  0  0  0  0  0  0  0  0  0  0  0
   -1.1452   -1.8261    0.6063 C   0  0  0  0  0  0  0  0  0  0  0  0
   -0.1149   -0.0338   -0.8826 C   0  0  0  0  0  0  0  0  0  0  0  0
   -1.4164   -2.2961    2.0509 C   0  0  0  0  0  0  0  0  0  0  0  0
    0.6527    1.3016   -0.9390 C   0  0  0  0  0  0  0  0  0  0  0  0
   -2.1883   -3.6329    2.0819 C   0  0  0  0  0  0  0  0  0  0  0  0
    0.9017    1.7619   -2.3935 C   0  0  0  0  0  0  0  0  0  0  0  0
   -2.4710   -4.1223    3.5200 C   0  0  0  0  0  0  0  0  0  0  0  0
    1.6675    3.0313   -2.3927 C   0  0  0  0  0  0  0  0  0  0  0  0
   -3.2414   -5.4565    3.5427 C   0  0  0  0  0  0  0  0  0  0  0  0
    3.0845    3.0463   -2.3598 C   0  0  0  0  0  0  0  0  0  0  0  0
    0.9663    4.2598   -2.3674 C   0  0  0  0  0  0  0  0  0  0  0  0
    3.7757    4.2752   -2.3272 C   0  0  0  0  0  0  0  0  0  0  0  0
    1.6586    5.4808   -2.3300 C   0  0  0  0  0  0  0  0  0  0  0  0
    3.0650    5.4868   -2.3152 C   0  0  0  0  0  0  0  0  0  0  0  0
    0.5797   -0.6070    1.0897 H   0  0  0  0  0  0  0  0  0  0  0  0
   -0.9534    0.2767    1.0922 H   0  0  0  0  0  0  0  0  0  0  0  0
   -0.5647   -2.5900    0.0799 H   0  0  0  0  0  0  0  0  0  0  0  0
   -2.0973   -1.7063    0.0801 H   0  0  0  0  0  0  0  0  0  0  0  0
    0.4642   -0.8024   -1.4034 H   0  0  0  0  0  0  0  0  0  0  0  0
   -1.0713    0.0791   -1.4019 H   0  0  0  0  0  0  0  0  0  0  0  0
   -0.4631   -2.4143    2.5745 H   0  0  0  0  0  0  0  0  0  0  0  0
   -1.9955   -1.5297    2.5747 H   0  0  0  0  0  0  0  0  0  0  0  0
    0.0766    2.0651   -0.4060 H   0  0  0  0  0  0  0  0  0  0  0  0
    1.6077    1.1810   -0.4172 H   0  0  0  0  0  0  0  0  0  0  0  0
   -1.6054   -4.3912    1.5505 H   0  0  0  0  0  0  0  0  0  0  0  0
   -3.1365   -3.5071    1.5505 H   0  0  0  0  0  0  0  0  0  0  0  0
   -0.0552    1.8792   -2.9110 H   0  0  0  0  0  0  0  0  0  0  0  0
    1.4378    0.9848   -2.9455 H   0  0  0  0  0  0  0  0  0  0  0  0
   -1.5249   -4.2503    4.0535 H   0  0  0  0  0  0  0  0  0  0  0  0
   -3.0549   -3.3670    4.0534 H   0  0  0  0  0  0  0  0  0  0  0  0
   -3.4193   -5.7647    4.5735 H   0  0  0  0  0  0  0  0  0  0  0  0
   -2.6671   -6.2375    3.0402 H   0  0  0  0  0  0  0  0  0  0  0  0
   -4.2048   -5.3496    3.0401 H   0  0  0  0  0  0  0  0  0  0  0  0
   -0.0576    4.2786   -2.3654 H   0  0  0  0  0  0  0  0  0  0  0  0
    4.7983    4.2926   -2.3079 H   0  0  0  0  0  0  0  0  0  0  0  0
    1.1394    6.3608   -2.3104 H   0  0  0  0  0  0  0  0  0  0  0  0
    3.5687    6.3755   -2.2920 H   0  0  0  0  0  0  0  0  0  0  0  0
    4.6292    1.9812   -2.3094 H   0  0  0  0  0  0  0  0  0  0  0  0
  1 12  1  0  0  0  0
  1 40  1  0  0  0  0
  2  3  1  0  0  0  0
  2  4  1  0  0  0  0
  2 17  1  0  0  0  0
  2 18  1  0  0  0  0
  3  5  1  0  0  0  0
  3 19  1  0  0  0  0
  3 20  1  0  0  0  0
  4  6  1  0  0  0  0
  4 21  1  0  0  0  0
  4 22  1  0  0  0  0
  5  7  1  0  0  0  0
  5 23  1  0  0  0  0
  5 24  1  0  0  0  0
  6  8  1  0  0  0  0
  6 25  1  0  0  0  0
  6 26  1  0  0  0  0
  7  9  1  0  0  0  0
  7 27  1  0  0  0  0
  7 28  1  0  0  0  0
  8 10  1  0  0  0  0
  8 29  1  0  0  0  0
  8 30  1  0  0  0  0
  9 11  1  0  0  0  0
  9 31  1  0  0  0  0
  9 32  1  0  0  0  0
 10 12  1  0  0  0  0
 10 13  2  0  0  0  0
 11 33  1  0  0  0  0
 11 34  1  0  0  0  0
 11 35  1  0  0  0  0
 12 14  2  0  0  0  0
 13 15  1  0  0  0  0
 13 36  1  0  0  0  0
 14 16  1  0  0  0  0
 14 37  1  0  0  0  0
 15 16  2  0  0  0  0
 15 38  1  0  0  0  0
 16 39  1  0  0  0  0
M  END
> <PUBCHEM_BONDANNOTATIONS>
10  12  8
10  13  8
12  14  8
13  15  8
14  16  8
15  16  8

$$$$
