36679
  Marvin  12300703363D          

 33 33  0  0  0  0            999 V2000
    0.1883    2.7456    1.5814 O   0  0  0  0  0  0  0  0  0  0  0  0
    0.9783    1.8303   -0.1563 N   0  0  0  0  0  0  0  0  0  0  0  0
    2.4093    2.8921    1.3385 N   0  0  0  0  0  0  0  0  0  0  0  0
   -2.0248   -2.9603   -0.8249 C   0  0  1  0  0  0  0  0  0  0  0  0
   -1.2104   -1.7128   -0.6555 C   0  0  0  0  0  0  0  0  0  0  0  0
   -3.3603   -2.8462   -0.0430 C   0  0  0  0  0  0  0  0  0  0  0  0
   -2.2559   -3.4234   -2.2919 C   0  0  0  0  0  0  0  0  0  0  0  0
   -0.3453   -1.5584    0.4555 C   0  0  0  0  0  0  0  0  0  0  0  0
   -1.2909   -0.6318   -1.5668 C   0  0  0  0  0  0  0  0  0  0  0  0
    0.3101    0.6860   -0.2786 C   0  0  0  0  0  0  0  0  0  0  0  0
    0.3965   -0.3770    0.6501 C   0  0  0  0  0  0  0  0  0  0  0  0
   -0.5276    0.5369   -1.3988 C   0  0  0  0  0  0  0  0  0  0  0  0
    1.2049    2.4951    0.9396 C   0  0  0  0  0  0  0  0  0  0  0  0
    3.5556    2.6357    0.5458 C   0  0  0  0  0  0  0  0  0  0  0  0
    2.5536    3.5392    2.5918 C   0  0  0  0  0  0  0  0  0  0  0  0
   -1.4750   -3.7919   -0.3698 H   0  0  0  0  0  0  0  0  0  0  0  0
   -3.1807   -2.6646    1.0192 H   0  0  0  0  0  0  0  0  0  0  0  0
   -3.9386   -3.7698   -0.1178 H   0  0  0  0  0  0  0  0  0  0  0  0
   -3.9742   -2.0303   -0.4306 H   0  0  0  0  0  0  0  0  0  0  0  0
   -2.7304   -4.4062   -2.3252 H   0  0  0  0  0  0  0  0  0  0  0  0
   -1.3077   -3.4955   -2.8288 H   0  0  0  0  0  0  0  0  0  0  0  0
   -2.9065   -2.7356   -2.8354 H   0  0  0  0  0  0  0  0  0  0  0  0
   -0.2472   -2.3060    1.1479 H   0  0  0  0  0  0  0  0  0  0  0  0
   -1.9129   -0.6680   -2.3745 H   0  0  0  0  0  0  0  0  0  0  0  0
    1.0056   -0.3020    1.4691 H   0  0  0  0  0  0  0  0  0  0  0  0
   -0.6086    1.2845   -2.0935 H   0  0  0  0  0  0  0  0  0  0  0  0
    1.3129    2.2045   -0.9465 H   0  0  0  0  0  0  0  0  0  0  0  0
    3.4641    3.1149   -0.4321 H   0  0  0  0  0  0  0  0  0  0  0  0
    3.6792    1.5609    0.3881 H   0  0  0  0  0  0  0  0  0  0  0  0
    4.5024    2.9853    0.9643 H   0  0  0  0  0  0  0  0  0  0  0  0
    2.1957    2.8876    3.3941 H   0  0  0  0  0  0  0  0  0  0  0  0
    1.9677    4.4617    2.6188 H   0  0  0  0  0  0  0  0  0  0  0  0
    3.5727    3.8195    2.8659 H   0  0  0  0  0  0  0  0  0  0  0  0
  1 13  2  0  0  0  0
  2 10  1  0  0  0  0
  2 13  1  0  0  0  0
  2 27  1  0  0  0  0
  3 13  1  0  0  0  0
  3 14  1  0  0  0  0
  3 15  1  0  0  0  0
  4  5  1  0  0  0  0
  4  6  1  0  0  0  0
  4  7  1  0  0  0  0
  4 16  1  0  0  0  0
  5  8  2  0  0  0  0
  5  9  1  0  0  0  0
  6 17  1  0  0  0  0
  6 18  1  0  0  0  0
  6 19  1  0  0  0  0
  7 20  1  0  0  0  0
  7 21  1  0  0  0  0
  7 22  1  0  0  0  0
  8 11  1  0  0  0  0
  8 23  1  0  0  0  0
  9 12  2  0  0  0  0
  9 24  1  0  0  0  0
 10 11  2  0  0  0  0
 10 12  1  0  0  0  0
 11 25  1  0  0  0  0
 12 26  1  0  0  0  0
 14 28  1  0  0  0  0
 14 29  1  0  0  0  0
 14 30  1  0  0  0  0
 15 31  1  0  0  0  0
 15 32  1  0  0  0  0
 15 33  1  0  0  0  0
M  END
> <PUBCHEM_BONDANNOTATIONS>
10  11  8
10  12  8
5  8  8
5  9  8
8  11  8
9  12  8

$$$$
