5377784
  Marvin  12300716493D          

 34 34  0  0  0  0            999 V2000
    3.9600   -0.4663   -1.5077 Cl  0  0  0  0  0  0  0  0  0  0  0  0
    3.4906    4.8274   -1.5723 Cl  0  0  0  0  0  0  0  0  0  0  0  0
    0.3231   -2.9283   -2.6909 Cl  0  0  0  0  0  0  0  0  0  0  0  0
   -0.1658   -0.7100    0.5377 P   0  0  1  0  0  0  0  0  0  0  0  0
   -0.1115   -0.7209   -0.9208 O   0  0  0  0  0  0  0  0  0  0  0  0
   -1.0307    0.3478    1.0342 O   0  0  0  0  0  0  0  0  0  0  0  0
   -0.6829   -2.0132    0.9364 O   0  0  0  0  0  0  0  0  0  0  0  0
    1.1391   -0.5194    1.1238 O   0  0  0  0  0  0  0  0  0  0  0  0
    1.4951    0.7472   -1.7068 C   0  0  0  0  0  0  0  0  0  0  0  0
    0.8073   -0.4777   -1.7301 C   0  0  0  0  0  0  0  0  0  0  0  0
   -2.3373    0.5608    0.8472 C   0  0  0  0  0  0  0  0  0  0  0  0
   -0.7855   -2.5512    2.1575 C   0  0  0  0  0  0  0  0  0  0  0  0
    2.9105    0.8641   -1.6272 C   0  0  0  0  0  0  0  0  0  0  0  0
    0.7323    1.9424   -1.7302 C   0  0  0  0  0  0  0  0  0  0  0  0
   -2.8039    1.6559    1.8244 C   0  0  0  0  0  0  0  0  0  0  0  0
   -1.6319   -3.8370    2.1164 C   0  0  0  0  0  0  0  0  0  0  0  0
    3.5236    2.1349   -1.5989 C   0  0  0  0  0  0  0  0  0  0  0  0
    1.3454    3.2076   -1.6865 C   0  0  0  0  0  0  0  0  0  0  0  0
    2.7463    3.3074   -1.6249 C   0  0  0  0  0  0  0  0  0  0  0  0
    1.0758   -1.4423   -2.6291 C   0  0  0  0  0  0  0  0  0  0  0  0
   -2.5264    0.8893   -0.1785 H   0  0  0  0  0  0  0  0  0  0  0  0
   -2.9321   -0.3386    1.0374 H   0  0  0  0  0  0  0  0  0  0  0  0
    0.2104   -2.8037    2.5325 H   0  0  0  0  0  0  0  0  0  0  0  0
   -1.2567   -1.8618    2.8657 H   0  0  0  0  0  0  0  0  0  0  0  0
   -0.2906    1.9170   -1.7810 H   0  0  0  0  0  0  0  0  0  0  0  0
   -3.8699    1.8493    1.6926 H   0  0  0  0  0  0  0  0  0  0  0  0
   -2.2593    2.5861    1.6497 H   0  0  0  0  0  0  0  0  0  0  0  0
   -2.6373    1.3422    2.8574 H   0  0  0  0  0  0  0  0  0  0  0  0
   -1.6755   -4.2823    3.1122 H   0  0  0  0  0  0  0  0  0  0  0  0
   -2.6518   -3.6163    1.7945 H   0  0  0  0  0  0  0  0  0  0  0  0
   -1.1973   -4.5679    1.4314 H   0  0  0  0  0  0  0  0  0  0  0  0
    4.5430    2.2173   -1.5493 H   0  0  0  0  0  0  0  0  0  0  0  0
    0.7656    4.0508   -1.6993 H   0  0  0  0  0  0  0  0  0  0  0  0
    1.7779   -1.3110   -3.3175 H   0  0  0  0  0  0  0  0  0  0  0  0
  1 13  1  0  0  0  0
  2 19  1  0  0  0  0
  3 20  1  0  0  0  0
  4  5  1  0  0  0  0
  4  6  1  0  0  0  0
  4  7  1  0  0  0  0
  4  8  2  0  0  0  0
  5 10  1  0  0  0  0
  6 11  1  0  0  0  0
  7 12  1  0  0  0  0
  9 10  1  0  0  0  0
  9 13  2  0  0  0  0
  9 14  1  0  0  0  0
 10 20  2  0  0  0  0
 11 15  1  0  0  0  0
 11 21  1  0  0  0  0
 11 22  1  0  0  0  0
 12 16  1  0  0  0  0
 12 23  1  0  0  0  0
 12 24  1  0  0  0  0
 13 17  1  0  0  0  0
 14 18  2  0  0  0  0
 14 25  1  0  0  0  0
 15 26  1  0  0  0  0
 15 27  1  0  0  0  0
 15 28  1  0  0  0  0
 16 29  1  0  0  0  0
 16 30  1  0  0  0  0
 16 31  1  0  0  0  0
 17 19  2  0  0  0  0
 17 32  1  0  0  0  0
 18 19  1  0  0  0  0
 18 33  1  0  0  0  0
 20 34  1  0  0  0  0
M  END
> <PUBCHEM_BONDANNOTATIONS>
13  17  8
14  18  8
17  19  8
18  19  8
9  13  8
9  14  8

$$$$
