
  Marvin  01010815293D          

  6  5  0  0  0  0            999 V2000
    0.6715    0.0000    0.0000 C   0  0  0  0  0  0  0  0  0  0  0  0
   -0.6715   -0.0000   -0.0000 C   0  0  0  0  0  0  0  0  0  0  0  0
   -1.6000    1.3815    0.0000 Cl  0  0  0  0  0  0  0  0  0  0  0  0
   -1.6000   -1.3815   -0.0000 Cl  0  0  0  0  0  0  0  0  0  0  0  0
    1.6000   -1.3815    0.0000 Cl  0  0  0  0  0  0  0  0  0  0  0  0
    1.6000    1.3815   -0.0000 Cl  0  0  0  0  0  0  0  0  0  0  0  0
  1  2  2  0  0  0  0
  1  5  1  0  0  0  0
  1  6  1  0  0  0  0
  2  3  1  0  0  0  0
  2  4  1  0  0  0  0
M  END
$$$$
