5569
  Marvin  12300703363D          

 39 39  0  0  0  0            999 V2000
    2.5054    4.7415   -1.1244 F   0  0  0  0  0  0  0  0  0  0  0  0
    2.5645    4.7480    1.1015 F   0  0  0  0  0  0  0  0  0  0  0  0
    4.1889    3.8380   -0.0447 F   0  0  0  0  0  0  0  0  0  0  0  0
    3.6711   -1.0637   -0.0069 O   0  5  0  0  0  0  0  0  0  0  0  0
   -2.1748    2.0610   -0.6053 O   0  5  0  0  0  0  0  0  0  0  0  0
    2.0154   -1.9784   -0.2830 O   0  0  0  0  0  0  0  0  0  0  0  0
   -1.9628    1.9213    1.3699 O   0  0  0  0  0  0  0  0  0  0  0  0
   -0.3591   -0.7364    0.1602 N   0  0  0  0  0  0  0  0  0  0  0  0
    2.5085   -0.9356   -0.1022 N   0  3  0  0  0  0  0  0  0  0  0  0
   -1.4829    1.8543    0.3092 N   0  3  0  0  0  0  0  0  0  0  0  0
   -0.5164   -1.3206    1.4557 C   0  0  0  0  0  0  0  0  0  0  0  0
   -0.9969   -1.2680   -0.9988 C   0  0  0  0  0  0  0  0  0  0  0  0
    0.4246    0.3621    0.0937 C   0  0  0  0  0  0  0  0  0  0  0  0
   -1.0980   -2.7577    1.6036 C   0  0  0  0  0  0  0  0  0  0  0  0
   -0.9128   -0.6119   -2.4193 C   0  0  0  0  0  0  0  0  0  0  0  0
    1.8471    0.2424   -0.0222 C   0  0  0  0  0  0  0  0  0  0  0  0
   -0.1823    1.6484    0.1606 C   0  0  0  0  0  0  0  0  0  0  0  0
    2.0251    2.7346    0.0054 C   0  0  0  0  0  0  0  0  0  0  0  0
    2.6003    1.4480   -0.0481 C   0  0  0  0  0  0  0  0  0  0  0  0
    0.6214    2.8048    0.0914 C   0  0  0  0  0  0  0  0  0  0  0  0
   -1.2860   -3.2570    3.0535 C   0  0  0  0  0  0  0  0  0  0  0  0
   -2.2519   -0.1803   -3.0664 C   0  0  0  0  0  0  0  0  0  0  0  0
    2.8231    3.9926   -0.0174 C   0  0  2  0  0  0  0  0  0  0  0  0
    0.4508   -1.3652    1.9711 H   0  0  0  0  0  0  0  0  0  0  0  0
   -1.1456   -0.6535    2.0509 H   0  0  0  0  0  0  0  0  0  0  0  0
   -2.0566   -1.3988   -0.7665 H   0  0  0  0  0  0  0  0  0  0  0  0
   -0.6007   -2.2810   -1.1220 H   0  0  0  0  0  0  0  0  0  0  0  0
   -0.4405   -3.4619    1.0865 H   0  0  0  0  0  0  0  0  0  0  0  0
   -2.0801   -2.8087    1.1298 H   0  0  0  0  0  0  0  0  0  0  0  0
   -0.4577   -1.3217   -3.1169 H   0  0  0  0  0  0  0  0  0  0  0  0
   -0.2527    0.2551   -2.4272 H   0  0  0  0  0  0  0  0  0  0  0  0
    3.6189    1.3939   -0.1134 H   0  0  0  0  0  0  0  0  0  0  0  0
    0.1735    3.7269    0.1168 H   0  0  0  0  0  0  0  0  0  0  0  0
   -0.3387   -3.2654    3.5954 H   0  0  0  0  0  0  0  0  0  0  0  0
   -1.6824   -4.2749    3.0455 H   0  0  0  0  0  0  0  0  0  0  0  0
   -1.9940   -2.6229    3.5903 H   0  0  0  0  0  0  0  0  0  0  0  0
   -2.9243   -1.0312   -3.1866 H   0  0  0  0  0  0  0  0  0  0  0  0
   -2.0702    0.2565   -4.0503 H   0  0  0  0  0  0  0  0  0  0  0  0
   -2.7710    0.5655   -2.4695 H   0  0  0  0  0  0  0  0  0  0  0  0
  1 23  1  0  0  0  0
  2 23  1  0  0  0  0
  3 23  1  0  0  0  0
  4  9  1  0  0  0  0
  5 10  1  0  0  0  0
  6  9  2  0  0  0  0
  7 10  2  0  0  0  0
  8 11  1  0  0  0  0
  8 12  1  0  0  0  0
  8 13  1  0  0  0  0
  9 16  1  0  0  0  0
 10 17  1  0  0  0  0
 11 14  1  0  0  0  0
 11 24  1  0  0  0  0
 11 25  1  0  0  0  0
 12 15  1  0  0  0  0
 12 26  1  0  0  0  0
 12 27  1  0  0  0  0
 13 16  2  0  0  0  0
 13 17  1  0  0  0  0
 14 21  1  0  0  0  0
 14 28  1  0  0  0  0
 14 29  1  0  0  0  0
 15 22  1  0  0  0  0
 15 30  1  0  0  0  0
 15 31  1  0  0  0  0
 16 19  1  0  0  0  0
 17 20  2  0  0  0  0
 18 19  2  0  0  0  0
 18 20  1  0  0  0  0
 18 23  1  0  0  0  0
 19 32  1  0  0  0  0
 20 33  1  0  0  0  0
 21 34  1  0  0  0  0
 21 35  1  0  0  0  0
 21 36  1  0  0  0  0
 22 37  1  0  0  0  0
 22 38  1  0  0  0  0
 22 39  1  0  0  0  0
M  CHG  4   4  -1   5  -1   9   1  10   1
M  END
> <PUBCHEM_BONDANNOTATIONS>
13  16  8
13  17  8
16  19  8
17  20  8
18  19  8
18  20  8

$$$$
