
  Marvin  01010816043D          

  9  9  0  0  0  0            999 V2000
   -1.0447   -1.8096   -0.0000 C   0  0  0  0  0  0  0  0  0  0  0  0
    0.3727   -1.8054   -0.0000 C   0  0  0  0  0  0  0  0  0  0  0  0
    1.0878   -0.5803   -0.0000 C   0  0  0  0  0  0  0  0  0  0  0  0
    0.3819    0.6614    0.0000 C   0  0  0  0  0  0  0  0  0  0  0  0
   -1.0464    0.6519   -0.0000 C   0  0  0  0  0  0  0  0  0  0  0  0
   -1.7499   -0.5800    0.0000 C   0  0  0  0  0  0  0  0  0  0  0  0
   -2.0085    2.0457   -0.0000 Cl  0  0  0  0  0  0  0  0  0  0  0  0
    1.2313    2.1327   -0.0000 Cl  0  0  0  0  0  0  0  0  0  0  0  0
    2.7759   -0.7165    0.0000 Cl  0  0  0  0  0  0  0  0  0  0  0  0
  1  2  1  0  0  0  0
  1  6  2  0  0  0  0
  2  3  2  0  0  0  0
  3  4  1  0  0  0  0
  3  9  1  0  0  0  0
  4  5  2  0  0  0  0
  4  8  1  0  0  0  0
  5  6  1  0  0  0  0
  5  7  1  0  0  0  0
M  END
$$$$
