1752
  Marvin  12300703363D          

 40 40  0  0  0  0            999 V2000
    3.7124    6.4377   -2.2950 O   0  0  0  0  0  0  0  0  0  0  0  0
   -0.3761   -0.6094    0.5685 C   0  0  0  0  0  0  0  0  0  0  0  0
   -1.1469   -1.9451    0.6099 C   0  0  0  0  0  0  0  0  0  0  0  0
   -0.1145   -0.1543   -0.8828 C   0  0  0  0  0  0  0  0  0  0  0  0
   -1.4190   -2.4165    2.0543 C   0  0  0  0  0  0  0  0  0  0  0  0
    0.6543    1.1806   -0.9424 C   0  0  0  0  0  0  0  0  0  0  0  0
   -2.1911   -3.7537    2.0864 C   0  0  0  0  0  0  0  0  0  0  0  0
    0.9120    1.6347   -2.3973 C   0  0  0  0  0  0  0  0  0  0  0  0
   -2.4748   -4.2450    3.5241 C   0  0  0  0  0  0  0  0  0  0  0  0
    1.6571    2.9129   -2.3977 C   0  0  0  0  0  0  0  0  0  0  0  0
   -3.2452   -5.5795    3.5481 C   0  0  0  0  0  0  0  0  0  0  0  0
    3.0693    2.9160   -2.3704 C   0  0  0  0  0  0  0  0  0  0  0  0
    0.9671    4.1462   -2.3698 C   0  0  0  0  0  0  0  0  0  0  0  0
    3.7802    4.1278   -2.3334 C   0  0  0  0  0  0  0  0  0  0  0  0
    1.6760    5.3597   -2.3322 C   0  0  0  0  0  0  0  0  0  0  0  0
    3.0838    5.3526   -2.3196 C   0  0  0  0  0  0  0  0  0  0  0  0
   -0.9539    0.1588    1.0915 H   0  0  0  0  0  0  0  0  0  0  0  0
    0.5785   -0.7255    1.0907 H   0  0  0  0  0  0  0  0  0  0  0  0
   -2.0989   -1.8252    0.0837 H   0  0  0  0  0  0  0  0  0  0  0  0
   -0.5669   -2.7094    0.0836 H   0  0  0  0  0  0  0  0  0  0  0  0
    0.4635   -0.9242   -1.4027 H   0  0  0  0  0  0  0  0  0  0  0  0
   -1.0706   -0.0407   -1.4025 H   0  0  0  0  0  0  0  0  0  0  0  0
   -1.9980   -1.6501    2.5782 H   0  0  0  0  0  0  0  0  0  0  0  0
   -0.4659   -2.5346    2.5782 H   0  0  0  0  0  0  0  0  0  0  0  0
    0.0762    1.9460   -0.4142 H   0  0  0  0  0  0  0  0  0  0  0  0
    1.6080    1.0624   -0.4174 H   0  0  0  0  0  0  0  0  0  0  0  0
   -3.1393   -3.6283    1.5550 H   0  0  0  0  0  0  0  0  0  0  0  0
   -1.6084   -4.5122    1.5550 H   0  0  0  0  0  0  0  0  0  0  0  0
    1.4706    0.8620   -2.9341 H   0  0  0  0  0  0  0  0  0  0  0  0
   -0.0389    1.7402   -2.9279 H   0  0  0  0  0  0  0  0  0  0  0  0
   -3.0588   -3.4900    4.0579 H   0  0  0  0  0  0  0  0  0  0  0  0
   -1.5290   -4.3733    4.0579 H   0  0  0  0  0  0  0  0  0  0  0  0
   -3.4229   -5.8872    4.5791 H   0  0  0  0  0  0  0  0  0  0  0  0
   -4.2091   -5.4733    3.0461 H   0  0  0  0  0  0  0  0  0  0  0  0
   -2.6714   -6.3611    3.0461 H   0  0  0  0  0  0  0  0  0  0  0  0
    3.5938    2.0365   -2.3684 H   0  0  0  0  0  0  0  0  0  0  0  0
   -0.0562    4.1716   -2.3676 H   0  0  0  0  0  0  0  0  0  0  0  0
    4.8023    4.1080   -2.3138 H   0  0  0  0  0  0  0  0  0  0  0  0
    1.1578    6.2415   -2.3119 H   0  0  0  0  0  0  0  0  0  0  0  0
    4.5925    6.4435   -2.2933 H   0  0  0  0  0  0  0  0  0  0  0  0
  1 16  1  0  0  0  0
  1 40  1  0  0  0  0
  2  3  1  0  0  0  0
  2  4  1  0  0  0  0
  2 17  1  0  0  0  0
  2 18  1  0  0  0  0
  3  5  1  0  0  0  0
  3 19  1  0  0  0  0
  3 20  1  0  0  0  0
  4  6  1  0  0  0  0
  4 21  1  0  0  0  0
  4 22  1  0  0  0  0
  5  7  1  0  0  0  0
  5 23  1  0  0  0  0
  5 24  1  0  0  0  0
  6  8  1  0  0  0  0
  6 25  1  0  0  0  0
  6 26  1  0  0  0  0
  7  9  1  0  0  0  0
  7 27  1  0  0  0  0
  7 28  1  0  0  0  0
  8 10  1  0  0  0  0
  8 29  1  0  0  0  0
  8 30  1  0  0  0  0
  9 11  1  0  0  0  0
  9 31  1  0  0  0  0
  9 32  1  0  0  0  0
 10 12  2  0  0  0  0
 10 13  1  0  0  0  0
 11 33  1  0  0  0  0
 11 34  1  0  0  0  0
 11 35  1  0  0  0  0
 12 14  1  0  0  0  0
 12 36  1  0  0  0  0
 13 15  2  0  0  0  0
 13 37  1  0  0  0  0
 14 16  2  0  0  0  0
 14 38  1  0  0  0  0
 15 16  1  0  0  0  0
 15 39  1  0  0  0  0
M  END
> <PUBCHEM_BONDANNOTATIONS>
10  12  8
10  13  8
12  14  8
13  15  8
14  16  8
15  16  8

$$$$
