992
  Marvin  12300703363D          

 13 13  0  0  0  0            999 V2000
    1.5929   -2.5031    0.0000 Cl  0  0  0  0  0  0  0  0  0  0  0  0
   -3.0655    0.1488    0.0000 Cl  0  0  0  0  0  0  0  0  0  0  0  0
    1.6053    2.9223    0.0000 Cl  0  0  0  0  0  0  0  0  0  0  0  0
   -1.5320    2.9037   -0.0000 Cl  0  0  0  0  0  0  0  0  0  0  0  0
    3.1779    0.2102   -0.0000 Cl  0  0  0  0  0  0  0  0  0  0  0  0
   -1.2716   -2.1019    0.0000 O   0  0  0  0  0  0  0  0  0  0  0  0
   -0.6426   -1.0087   -0.0000 C   0  0  0  0  0  0  0  0  0  0  0  0
    0.7713   -1.0096   -0.0000 C   0  0  0  0  0  0  0  0  0  0  0  0
   -1.3622    0.2071   -0.0000 C   0  0  0  0  0  0  0  0  0  0  0  0
   -0.6612    1.4384    0.0000 C   0  0  0  0  0  0  0  0  0  0  0  0
    1.4734    0.2193   -0.0000 C   0  0  0  0  0  0  0  0  0  0  0  0
    0.7570    1.4436    0.0000 C   0  0  0  0  0  0  0  0  0  0  0  0
   -0.8428   -2.8701    0.0000 H   0  0  0  0  0  0  0  0  0  0  0  0
  1  8  1  0  0  0  0
  2  9  1  0  0  0  0
  3 12  1  0  0  0  0
  4 10  1  0  0  0  0
  5 11  1  0  0  0  0
  6  7  1  0  0  0  0
  6 13  1  0  0  0  0
  7  8  2  0  0  0  0
  7  9  1  0  0  0  0
  8 11  1  0  0  0  0
  9 10  2  0  0  0  0
 10 12  1  0  0  0  0
 11 12  2  0  0  0  0
M  END
> <PUBCHEM_BONDANNOTATIONS>
10  12  8
11  12  8
7  8  8
7  9  8
8  11  8
9  10  8

$$$$
