
  Marvin  01010805563D          

 12 12  0  0  1  0            999 V2000
   -1.1741   -0.6245    0.2048 C   0  0  2  0  0  0  0  0  0  0  0  0
    0.1702   -1.3931    0.4147 C   0  0  2  0  0  0  0  0  0  0  0  0
    1.4287   -0.7317   -0.2363 C   0  0  2  0  0  0  0  0  0  0  0  0
    1.5191    0.8000    0.0448 C   0  0  1  0  0  0  0  0  0  0  0  0
    0.1989    1.6007   -0.1748 C   0  0  2  0  0  0  0  0  0  0  0  0
   -1.0438    0.9090    0.4754 C   0  0  1  0  0  0  0  0  0  0  0  0
    1.6019   -1.0093   -1.9728 Cl  0  0  0  0  0  0  0  0  0  0  0  0
    2.1044    1.0652    1.6872 Cl  0  0  0  0  0  0  0  0  0  0  0  0
    0.0298    1.9718   -1.8942 Cl  0  0  0  0  0  0  0  0  0  0  0  0
   -2.5316    1.7915    0.1181 Cl  0  0  0  0  0  0  0  0  0  0  0  0
   -2.3532   -1.2764    1.3442 Cl  0  0  0  0  0  0  0  0  0  0  0  0
    0.0496   -3.1032   -0.0111 Cl  0  0  0  0  0  0  0  0  0  0  0  0
  1  2  1  0  0  0  0
  1  6  1  0  0  0  0
  1 11  1  0  0  0  0
  2  3  1  0  0  0  0
  2 12  1  0  0  0  0
  3  7  1  0  0  0  0
  3  4  1  0  0  0  0
  4  5  1  0  0  0  0
  4  8  1  0  0  0  0
  5  6  1  0  0  0  0
  5  9  1  0  0  0  0
  6 10  1  0  0  0  0
M  END
$$$$
