1140
  Marvin  12300703363D          

 15 15  0  0  0  0            999 V2000
   -0.3600   -0.6420    0.0000 C   0  0  0  0  0  0  0  0  0  0  0  0
    1.0539   -0.6197   -0.0000 C   0  0  0  0  0  0  0  0  0  0  0  0
   -1.0588    0.5872   -0.0000 C   0  0  0  0  0  0  0  0  0  0  0  0
   -1.1069   -1.9180    0.0000 C   0  0  0  0  0  0  0  0  0  0  0  0
    1.7537    0.5999   -0.0000 C   0  0  0  0  0  0  0  0  0  0  0  0
   -0.3616    1.8100   -0.0000 C   0  0  0  0  0  0  0  0  0  0  0  0
    1.0453    1.8158   -0.0000 C   0  0  0  0  0  0  0  0  0  0  0  0
    1.5906   -1.4909   -0.0000 H   0  0  0  0  0  0  0  0  0  0  0  0
   -2.0827    0.6054   -0.0000 H   0  0  0  0  0  0  0  0  0  0  0  0
   -1.7372   -1.9760    0.8890 H   0  0  0  0  0  0  0  0  0  0  0  0
   -1.7372   -1.9760   -0.8890 H   0  0  0  0  0  0  0  0  0  0  0  0
   -0.4528   -2.7922    0.0000 H   0  0  0  0  0  0  0  0  0  0  0  0
    2.7760    0.6012   -0.0000 H   0  0  0  0  0  0  0  0  0  0  0  0
   -0.8763    2.6935   -0.0000 H   0  0  0  0  0  0  0  0  0  0  0  0
    1.5539    2.7017   -0.0000 H   0  0  0  0  0  0  0  0  0  0  0  0
  1  2  2  0  0  0  0
  1  3  1  0  0  0  0
  1  4  1  0  0  0  0
  2  5  1  0  0  0  0
  2  8  1  0  0  0  0
  3  6  2  0  0  0  0
  3  9  1  0  0  0  0
  4 10  1  0  0  0  0
  4 11  1  0  0  0  0
  4 12  1  0  0  0  0
  5  7  2  0  0  0  0
  5 13  1  0  0  0  0
  6  7  1  0  0  0  0
  6 14  1  0  0  0  0
  7 15  1  0  0  0  0
M  END
> <PUBCHEM_BONDANNOTATIONS>
1  2  8
1  3  8
2  5  8
3  6  8
5  7  8
6  7  8

$$$$
