2087
  Marvin  12300703363D          

 26 29  0  0  1  0            999 V2000
   -1.7445   -0.2252   -2.8637 Cl  0  0  0  0  0  0  0  0  0  0  0  0
   -0.4560    3.0492    1.3764 Cl  0  0  0  0  0  0  0  0  0  0  0  0
   -2.7598    2.6483   -1.1954 Cl  0  0  0  0  0  0  0  0  0  0  0  0
   -0.2465    2.8383   -2.0953 Cl  0  0  0  0  0  0  0  0  0  0  0  0
   -3.1479   -1.3581   -0.1230 Cl  0  0  0  0  0  0  0  0  0  0  0  0
   -2.3776    0.6038    2.4143 Cl  0  0  0  0  0  0  0  0  0  0  0  0
    0.3417   -0.0728   -1.0461 C   0  0  2  0  0  0  0  0  0  0  0  0
    0.6984    0.8382    0.1642 C   0  0  1  0  0  0  0  0  0  0  0  0
   -1.1754    0.2683   -1.2641 C   0  0  1  0  0  0  0  0  0  0  0  0
   -0.6642    1.5712    0.4280 C   0  0  2  0  0  0  0  0  0  0  0  0
    0.9157   -1.4548   -0.5853 C   0  0  1  0  0  0  0  0  0  0  0  0
    1.3952   -0.1808    1.1291 C   0  0  2  0  0  0  0  0  0  0  0  0
   -1.2034    1.8060   -1.0149 C   0  0  2  0  0  0  0  0  0  0  0  0
    2.2223   -1.0135    0.1190 C   0  0  0  0  0  0  0  0  0  0  0  0
   -2.0172   -0.1330   -0.1418 C   0  0  0  0  0  0  0  0  0  0  0  0
   -1.7057    0.6624    0.8894 C   0  0  0  0  0  0  0  0  0  0  0  0
    0.2621   -2.0331    0.5700 C   0  0  0  0  0  0  0  0  0  0  0  0
    0.5527   -1.2565    1.6145 C   0  0  0  0  0  0  0  0  0  0  0  0
    0.9093    0.2265   -1.9364 H   0  0  0  0  0  0  0  0  0  0  0  0
    1.4526    1.5825   -0.1219 H   0  0  0  0  0  0  0  0  0  0  0  0
    1.0731   -2.1658   -1.4002 H   0  0  0  0  0  0  0  0  0  0  0  0
    1.9960    0.2882    1.9121 H   0  0  0  0  0  0  0  0  0  0  0  0
    2.9070   -0.4289   -0.5077 H   0  0  0  0  0  0  0  0  0  0  0  0
    2.8313   -1.8220    0.5505 H   0  0  0  0  0  0  0  0  0  0  0  0
   -0.3022   -2.8495    0.5803 H   0  0  0  0  0  0  0  0  0  0  0  0
    0.2429   -1.3886    2.5480 H   0  0  0  0  0  0  0  0  0  0  0  0
  1  9  1  0  0  0  0
  2 10  1  0  0  0  0
  3 13  1  0  0  0  0
  4 13  1  0  0  0  0
  5 15  1  0  0  0  0
  6 16  1  0  0  0  0
  7  8  1  0  0  0  0
  7  9  1  0  0  0  0
  7 11  1  0  0  0  0
  7 19  1  0  0  0  0
  8 10  1  0  0  0  0
  8 12  1  0  0  0  0
  8 20  1  0  0  0  0
  9 13  1  0  0  0  0
  9 15  1  0  0  0  0
 10 13  1  0  0  0  0
 10 16  1  0  0  0  0
 11 14  1  0  0  0  0
 11 17  1  0  0  0  0
 11 21  1  0  0  0  0
 12 14  1  0  0  0  0
 12 18  1  0  0  0  0
 12 22  1  0  0  0  0
 14 23  1  0  0  0  0
 14 24  1  0  0  0  0
 15 16  2  0  0  0  0
 17 18  2  0  0  0  0
 17 25  1  0  0  0  0
 18 26  1  0  0  0  0
M  END
> <PUBCHEM_BONDANNOTATIONS>
9  1  3
11  14  3
12  14  3
10  2  3
7  9  3
8  10  3

$$$$
