25352
  Marvin  12300703363D          

  6  5  0  0  0  0            999 V2000
   -1.4860   -0.6161   -0.0000 O   0  5  0  0  0  0  0  0  0  0  0  0
    1.4860    0.6161   -0.0000 O   0  5  0  0  0  0  0  0  0  0  0  0
    0.2085   -1.5901    0.0000 O   0  0  0  0  0  0  0  0  0  0  0  0
   -0.2085    1.5901    0.0000 O   0  0  0  0  0  0  0  0  0  0  0  0
   -0.3135   -0.5433    0.0000 N   0  3  0  0  0  0  0  0  0  0  0  0
    0.3135    0.5433   -0.0000 N   0  3  0  0  0  0  0  0  0  0  0  0
  1  5  1  0  0  0  0
  2  6  1  0  0  0  0
  3  5  2  0  0  0  0
  4  6  2  0  0  0  0
  5  6  1  0  0  0  0
M  CHG  4   1  -1   2  -1   5   1   6   1
M  END
$$$$
