36231
  Marvin  12300703363D          

 22 23  0  0  0  0            999 V2000
   -0.5315    4.5526   -0.0000 Cl  0  0  0  0  0  0  0  0  0  0  0  0
    0.5315   -4.5526   -0.0000 Cl  0  0  0  0  0  0  0  0  0  0  0  0
    4.2084    1.8160   -0.0000 Cl  0  0  0  0  0  0  0  0  0  0  0  0
   -4.2084   -1.8160   -0.0000 Cl  0  0  0  0  0  0  0  0  0  0  0  0
    2.6645    4.6151    0.0000 Cl  0  0  0  0  0  0  0  0  0  0  0  0
   -2.6645   -4.6151   -0.0000 Cl  0  0  0  0  0  0  0  0  0  0  0  0
    0.3641    0.6307   -0.0000 C   0  0  0  0  0  0  0  0  0  0  0  0
   -0.3641   -0.6307   -0.0000 C   0  0  0  0  0  0  0  0  0  0  0  0
    1.7844    0.7075    0.0000 C   0  0  0  0  0  0  0  0  0  0  0  0
   -1.7844   -0.7075    0.0000 C   0  0  0  0  0  0  0  0  0  0  0  0
   -0.2795    1.8991    0.0000 C   0  0  0  0  0  0  0  0  0  0  0  0
    0.2795   -1.8991    0.0000 C   0  0  0  0  0  0  0  0  0  0  0  0
    0.4029    3.1323   -0.0000 C   0  0  0  0  0  0  0  0  0  0  0  0
   -0.4029   -3.1323   -0.0000 C   0  0  0  0  0  0  0  0  0  0  0  0
    2.5112    1.9150   -0.0000 C   0  0  0  0  0  0  0  0  0  0  0  0
   -2.5112   -1.9150   -0.0000 C   0  0  0  0  0  0  0  0  0  0  0  0
    1.8149    3.1435    0.0000 C   0  0  0  0  0  0  0  0  0  0  0  0
   -1.8149   -3.1435    0.0000 C   0  0  0  0  0  0  0  0  0  0  0  0
    2.3584   -0.1328   -0.0000 H   0  0  0  0  0  0  0  0  0  0  0  0
   -2.3584    0.1328   -0.0000 H   0  0  0  0  0  0  0  0  0  0  0  0
   -1.2942    1.9760   -0.0000 H   0  0  0  0  0  0  0  0  0  0  0  0
    1.2942   -1.9760    0.0000 H   0  0  0  0  0  0  0  0  0  0  0  0
  1 13  1  0  0  0  0
  2 14  1  0  0  0  0
  3 15  1  0  0  0  0
  4 16  1  0  0  0  0
  5 17  1  0  0  0  0
  6 18  1  0  0  0  0
  7  8  1  0  0  0  0
  7  9  2  0  0  0  0
  7 11  1  0  0  0  0
  8 10  2  0  0  0  0
  8 12  1  0  0  0  0
  9 15  1  0  0  0  0
  9 19  1  0  0  0  0
 10 16  1  0  0  0  0
 10 20  1  0  0  0  0
 11 13  2  0  0  0  0
 11 21  1  0  0  0  0
 12 14  2  0  0  0  0
 12 22  1  0  0  0  0
 13 17  1  0  0  0  0
 14 18  1  0  0  0  0
 15 17  2  0  0  0  0
 16 18  2  0  0  0  0
M  END
> <PUBCHEM_BONDANNOTATIONS>
10  16  8
11  13  8
12  14  8
13  17  8
14  18  8
15  17  8
16  18  8
7  11  8
7  9  8
8  10  8
8  12  8
9  15  8

$$$$
