58167
  Marvin  12310715543D          

 28 29  0  0  1  0            999 V2000
   -2.7329    2.0054    0.3717 Cl  0  0  0  0  0  0  0  0  0  0  0  0
   -1.1818   -2.7018    1.0580 Cl  0  0  0  0  0  0  0  0  0  0  0  0
   -2.6049   -0.7479    2.0004 Cl  0  0  0  0  0  0  0  0  0  0  0  0
   -0.3748    2.6778    2.4545 Cl  0  0  0  0  0  0  0  0  0  0  0  0
   -3.3799   -0.7957   -1.3199 Cl  0  0  0  0  0  0  0  0  0  0  0  0
    3.2047    0.9929   -1.4327 Cl  0  0  0  0  0  0  0  0  0  0  0  0
    1.1595    0.3300   -3.2087 Cl  0  0  0  0  0  0  0  0  0  0  0  0
    1.2987   -2.6172   -1.8049 Cl  0  0  0  0  0  0  0  0  0  0  0  0
   -0.8161   -0.1466   -0.2113 C   0  0  2  0  0  0  0  0  0  0  0  0
    0.7735   -0.1494   -0.3781 C   0  0  2  0  0  0  0  0  0  0  0  0
    0.8389    0.5240    1.0413 C   0  0  1  0  0  0  0  0  0  0  0  0
   -1.1168    1.3942   -0.0071 C   0  0  2  0  0  0  0  0  0  0  0  0
   -1.0704   -0.9363    1.1419 C   0  0  2  0  0  0  0  0  0  0  0  0
    0.0281    1.8550    0.9398 C   0  0  1  0  0  0  0  0  0  0  0  0
    0.1164   -0.4529    2.0176 C   0  0  0  0  0  0  0  0  0  0  0  0
   -1.6230   -0.7236   -1.4279 C   0  0  0  0  0  0  0  0  0  0  0  0
    1.4598    0.7382   -1.5211 C   0  0  1  0  0  0  0  0  0  0  0  0
    1.5486   -1.5381   -0.4356 C   0  0  0  0  0  0  0  0  0  0  0  0
    1.8604    0.7197    1.3809 H   0  0  0  0  0  0  0  0  0  0  0  0
   -1.0037    1.9026   -0.9673 H   0  0  0  0  0  0  0  0  0  0  0  0
    0.6350    2.6261    0.4621 H   0  0  0  0  0  0  0  0  0  0  0  0
   -0.1885    0.0165    2.9542 H   0  0  0  0  0  0  0  0  0  0  0  0
    0.7837   -1.2534    2.3418 H   0  0  0  0  0  0  0  0  0  0  0  0
   -1.3316   -1.7488   -1.6398 H   0  0  0  0  0  0  0  0  0  0  0  0
   -1.4297   -0.1496   -2.3318 H   0  0  0  0  0  0  0  0  0  0  0  0
    1.1400    1.7728   -1.5191 H   0  0  0  0  0  0  0  0  0  0  0  0
    2.6269   -1.4011   -0.3680 H   0  0  0  0  0  0  0  0  0  0  0  0
    1.3798   -2.1928    0.4092 H   0  0  0  0  0  0  0  0  0  0  0  0
  1 12  1  0  0  0  0
  2 13  1  0  0  0  0
  3 13  1  0  0  0  0
  4 14  1  0  0  0  0
  5 16  1  0  0  0  0
  6 17  1  0  0  0  0
  7 17  1  0  0  0  0
  8 18  1  0  0  0  0
  9 10  1  0  0  0  0
  9 12  1  0  0  0  0
  9 13  1  0  0  0  0
  9 16  1  0  0  0  0
 10 11  1  0  0  0  0
 10 17  1  0  0  0  0
 10 18  1  0  0  0  0
 11 14  1  0  0  0  0
 11 15  1  0  0  0  0
 11 19  1  0  0  0  0
 12 14  1  0  0  0  0
 12 20  1  0  0  0  0
 13 15  1  0  0  0  0
 14 21  1  0  0  0  0
 15 22  1  0  0  0  0
 15 23  1  0  0  0  0
 16 24  1  0  0  0  0
 16 25  1  0  0  0  0
 17 26  1  0  0  0  0
 18 27  1  0  0  0  0
 18 28  1  0  0  0  0
M  END
> <PUBCHEM_BONDANNOTATIONS>
12  1  3
10  17  3
11  15  3
14  4  3
9  16  3

$$$$
