6391
  Marvin  12300703363D          

  5  4  0  0  0  0            999 V2000
    1.7055   -0.0728    0.0000 Cl  0  0  0  0  0  0  0  0  0  0  0  0
   -0.6371    1.5837    0.0000 Cl  0  0  0  0  0  0  0  0  0  0  0  0
   -0.5085   -0.7191    1.1194 F   0  0  0  0  0  0  0  0  0  0  0  0
   -0.5085   -0.7191   -1.1194 F   0  0  0  0  0  0  0  0  0  0  0  0
   -0.0515   -0.0728    0.0000 C   0  0  2  0  0  0  0  0  0  0  0  0
  1  5  1  0  0  0  0
  2  5  1  0  0  0  0
  3  5  1  0  0  0  0
  4  5  1  0  0  0  0
M  END
$$$$
