15730
  Marvin  12300703363D          

 37 37  0  0  0  0            999 V2000
    3.4362    5.9630   -2.0144 O   0  0  0  0  0  0  0  0  0  0  0  0
   -0.6665   -1.1088    0.8501 C   0  0  0  0  0  0  0  0  0  0  0  0
   -0.3991   -0.6435   -0.5988 C   0  0  0  0  0  0  0  0  0  0  0  0
   -1.4386   -2.4469    0.8977 C   0  0  0  0  0  0  0  0  0  0  0  0
    0.3708    0.6931   -0.6602 C   0  0  0  0  0  0  0  0  0  0  0  0
   -1.7131   -2.9224    2.3423 C   0  0  0  0  0  0  0  0  0  0  0  0
    0.6336    1.1560   -2.1127 C   0  0  0  0  0  0  0  0  0  0  0  0
   -2.4860   -4.2611    2.3989 C   0  0  0  0  0  0  0  0  0  0  0  0
    1.3798    2.4353   -2.1149 C   0  0  0  0  0  0  0  0  0  0  0  0
   -2.7570   -4.7305    3.8421 C   0  0  0  0  0  0  0  0  0  0  0  0
    2.7922    2.4401   -2.0908 C   0  0  0  0  0  0  0  0  0  0  0  0
    0.6913    3.6699   -2.0901 C   0  0  0  0  0  0  0  0  0  0  0  0
    3.5037    3.6526   -2.0552 C   0  0  0  0  0  0  0  0  0  0  0  0
    1.3999    4.8839   -2.0539 C   0  0  0  0  0  0  0  0  0  0  0  0
    2.8081    4.8770   -2.0405 C   0  0  0  0  0  0  0  0  0  0  0  0
   -1.2430   -0.3404    1.3740 H   0  0  0  0  0  0  0  0  0  0  0  0
    0.2878   -1.2237    1.3730 H   0  0  0  0  0  0  0  0  0  0  0  0
    0.1792   -1.4118   -1.1205 H   0  0  0  0  0  0  0  0  0  0  0  0
   -1.3539   -0.5288   -1.1201 H   0  0  0  0  0  0  0  0  0  0  0  0
   -2.3905   -2.3279    0.3718 H   0  0  0  0  0  0  0  0  0  0  0  0
   -0.8593   -3.2116    0.3717 H   0  0  0  0  0  0  0  0  0  0  0  0
   -0.2067    1.4584   -0.1316 H   0  0  0  0  0  0  0  0  0  0  0  0
    1.3242    0.5752   -0.1349 H   0  0  0  0  0  0  0  0  0  0  0  0
   -2.2892   -2.1529    2.8644 H   0  0  0  0  0  0  0  0  0  0  0  0
   -0.7585   -3.0366    2.8644 H   0  0  0  0  0  0  0  0  0  0  0  0
    1.1919    0.3850   -2.6518 H   0  0  0  0  0  0  0  0  0  0  0  0
   -0.3162    1.2630   -2.6449 H   0  0  0  0  0  0  0  0  0  0  0  0
   -3.4423   -4.1518    1.8797 H   0  0  0  0  0  0  0  0  0  0  0  0
   -1.9132   -5.0346    1.8797 H   0  0  0  0  0  0  0  0  0  0  0  0
   -3.3024   -5.6751    3.8305 H   0  0  0  0  0  0  0  0  0  0  0  0
   -3.3555   -3.9916    4.3788 H   0  0  0  0  0  0  0  0  0  0  0  0
   -1.8180   -4.8793    4.3789 H   0  0  0  0  0  0  0  0  0  0  0  0
    3.3176    1.5614   -2.0906 H   0  0  0  0  0  0  0  0  0  0  0  0
   -0.3319    3.6963   -2.0897 H   0  0  0  0  0  0  0  0  0  0  0  0
    4.5260    3.6330   -2.0370 H   0  0  0  0  0  0  0  0  0  0  0  0
    0.8823    5.7659   -2.0350 H   0  0  0  0  0  0  0  0  0  0  0  0
    4.3163    5.9703   -2.0105 H   0  0  0  0  0  0  0  0  0  0  0  0
  1 15  1  0  0  0  0
  1 37  1  0  0  0  0
  2  3  1  0  0  0  0
  2  4  1  0  0  0  0
  2 16  1  0  0  0  0
  2 17  1  0  0  0  0
  3  5  1  0  0  0  0
  3 18  1  0  0  0  0
  3 19  1  0  0  0  0
  4  6  1  0  0  0  0
  4 20  1  0  0  0  0
  4 21  1  0  0  0  0
  5  7  1  0  0  0  0
  5 22  1  0  0  0  0
  5 23  1  0  0  0  0
  6  8  1  0  0  0  0
  6 24  1  0  0  0  0
  6 25  1  0  0  0  0
  7  9  1  0  0  0  0
  7 26  1  0  0  0  0
  7 27  1  0  0  0  0
  8 10  1  0  0  0  0
  8 28  1  0  0  0  0
  8 29  1  0  0  0  0
  9 11  2  0  0  0  0
  9 12  1  0  0  0  0
 10 30  1  0  0  0  0
 10 31  1  0  0  0  0
 10 32  1  0  0  0  0
 11 13  1  0  0  0  0
 11 33  1  0  0  0  0
 12 14  2  0  0  0  0
 12 34  1  0  0  0  0
 13 15  2  0  0  0  0
 13 35  1  0  0  0  0
 14 15  1  0  0  0  0
 14 36  1  0  0  0  0
M  END
> <PUBCHEM_BONDANNOTATIONS>
11  13  8
12  14  8
13  15  8
14  15  8
9  11  8
9  12  8

$$$$
