C2Br2F4
APtclcactv09230909463D 0   0.00000     0.00000
 
  8  7  0  0  0  0  0  0  0  0999 V2000
   -2.3331    0.0974   -0.0000 Br  0  0  0  0  0  0  0  0  0  0  0  0
   -0.4902   -0.5873    0.0000 C   0  0  0  0  0  0  0  0  0  0  0  0
   -0.2828   -1.3679    1.1423 F   0  0  0  0  0  0  0  0  0  0  0  0
   -0.2828   -1.3679   -1.1423 F   0  0  0  0  0  0  0  0  0  0  0  0
    0.4902    0.5873    0.0000 C   0  0  0  0  0  0  0  0  0  0  0  0
    2.3331   -0.0974   -0.0000 Br  0  0  0  0  0  0  0  0  0  0  0  0
    0.2828    1.3679   -1.1423 F   0  0  0  0  0  0  0  0  0  0  0  0
    0.2828    1.3679    1.1423 F   0  0  0  0  0  0  0  0  0  0  0  0
  1  2  1  0  0  0  0
  2  3  1  0  0  0  0
  2  4  1  0  0  0  0
  2  5  1  0  0  0  0
  5  6  1  0  0  0  0
  5  7  1  0  0  0  0
  5  8  1  0  0  0  0
M  END
$$$$

