36159
  Marvin  12300703363D          

 23 24  0  0  0  0            999 V2000
    2.5950   -1.2212   -1.4837 Br  0  0  0  0  0  0  0  0  0  0  0  0
   -1.9186   -3.3087   -1.2620 Br  0  0  0  0  0  0  0  0  0  0  0  0
   -0.7772    4.3942   -1.5156 Br  0  0  0  0  0  0  0  0  0  0  0  0
    2.6125    4.3964   -1.4269 Br  0  0  0  0  0  0  0  0  0  0  0  0
   -1.6209   -2.8246    4.3527 Br  0  0  0  0  0  0  0  0  0  0  0  0
   -0.4094   -0.6809   -1.1080 O   0  0  0  0  0  0  0  0  0  0  0  0
    0.2226    0.3783   -1.4153 C   0  0  0  0  0  0  0  0  0  0  0  0
   -0.6551   -1.1111    0.0791 C   0  0  0  0  0  0  0  0  0  0  0  0
    1.6318    0.3737   -1.4984 C   0  0  0  0  0  0  0  0  0  0  0  0
   -0.4827    1.5968   -1.4971 C   0  0  0  0  0  0  0  0  0  0  0  0
   -1.3554   -2.3318    0.2215 C   0  0  0  0  0  0  0  0  0  0  0  0
   -0.2615   -0.4331    1.2641 C   0  0  0  0  0  0  0  0  0  0  0  0
    0.2157    2.8184   -1.5237 C   0  0  0  0  0  0  0  0  0  0  0  0
    2.3271    1.5962   -1.5320 C   0  0  0  0  0  0  0  0  0  0  0  0
    1.6271    2.8182   -1.5099 C   0  0  0  0  0  0  0  0  0  0  0  0
   -1.6468   -2.8479    1.5011 C   0  0  0  0  0  0  0  0  0  0  0  0
   -0.5485   -0.9426    2.5392 C   0  0  0  0  0  0  0  0  0  0  0  0
   -1.2444   -2.1556    2.6584 C   0  0  0  0  0  0  0  0  0  0  0  0
   -1.5059    1.5944   -1.4848 H   0  0  0  0  0  0  0  0  0  0  0  0
    0.2470    0.4532    1.2212 H   0  0  0  0  0  0  0  0  0  0  0  0
    3.3488    1.5938   -1.5456 H   0  0  0  0  0  0  0  0  0  0  0  0
   -2.1529   -3.7300    1.5972 H   0  0  0  0  0  0  0  0  0  0  0  0
   -0.2482   -0.4260    3.3688 H   0  0  0  0  0  0  0  0  0  0  0  0
  1  9  1  0  0  0  0
  2 11  1  0  0  0  0
  3 13  1  0  0  0  0
  4 15  1  0  0  0  0
  5 18  1  0  0  0  0
  6  7  1  0  0  0  0
  6  8  1  0  0  0  0
  7  9  1  0  0  0  0
  7 10  2  0  0  0  0
  8 11  2  0  0  0  0
  8 12  1  0  0  0  0
  9 14  2  0  0  0  0
 10 13  1  0  0  0  0
 10 19  1  0  0  0  0
 11 16  1  0  0  0  0
 12 17  2  0  0  0  0
 12 20  1  0  0  0  0
 13 15  2  0  0  0  0
 14 15  1  0  0  0  0
 14 21  1  0  0  0  0
 16 18  2  0  0  0  0
 16 22  1  0  0  0  0
 17 18  1  0  0  0  0
 17 23  1  0  0  0  0
M  END
> <PUBCHEM_BONDANNOTATIONS>
10  13  8
11  16  8
12  17  8
13  15  8
14  15  8
16  18  8
17  18  8
7  10  8
7  9  8
8  11  8
8  12  8
9  14  8

$$$$
