3589
  Marvin  12300703363D          

 22 24  0  0  1  0            999 V2000
    2.9031    0.8143    0.6847 Cl  0  0  0  0  0  0  0  0  0  0  0  0
   -2.4159    2.1362    0.2153 Cl  0  0  0  0  0  0  0  0  0  0  0  0
    0.5498    3.1452    1.7145 Cl  0  0  0  0  0  0  0  0  0  0  0  0
    0.7351    3.0026   -0.9697 Cl  0  0  0  0  0  0  0  0  0  0  0  0
    1.6843   -2.3375   -2.2288 Cl  0  0  0  0  0  0  0  0  0  0  0  0
    1.1633   -0.8083    2.9520 Cl  0  0  0  0  0  0  0  0  0  0  0  0
   -2.0278   -0.0091    2.6745 Cl  0  0  0  0  0  0  0  0  0  0  0  0
    0.7544   -0.1492   -0.7749 C   0  0  1  0  0  0  0  0  0  0  0  0
   -0.7496    0.2125   -0.8905 C   0  0  2  0  0  0  0  0  0  0  0  0
    1.1521    0.6157    0.5374 C   0  0  2  0  0  0  0  0  0  0  0  0
   -0.9607    1.1407    0.3557 C   0  0  1  0  0  0  0  0  0  0  0  0
    0.3646    1.9514    0.4101 C   0  0  1  0  0  0  0  0  0  0  0  0
    0.8151   -1.7009   -0.8311 C   0  0  1  0  0  0  0  0  0  0  0  0
    0.4763    0.0673    1.7110 C   0  0  0  0  0  0  0  0  0  0  0  0
   -0.8171    0.3916    1.6012 C   0  0  0  0  0  0  0  0  0  0  0  0
   -1.4134   -1.0639   -0.9382 C   0  0  0  0  0  0  0  0  0  0  0  0
   -0.5659   -2.0905   -0.9087 C   0  0  0  0  0  0  0  0  0  0  0  0
    1.3025    0.2757   -1.6237 H   0  0  0  0  0  0  0  0  0  0  0  0
   -0.9599    0.7381   -1.8285 H   0  0  0  0  0  0  0  0  0  0  0  0
    1.2741   -2.1281    0.0625 H   0  0  0  0  0  0  0  0  0  0  0  0
   -2.3996   -1.1660   -0.9889 H   0  0  0  0  0  0  0  0  0  0  0  0
   -0.8650   -3.0377   -0.9358 H   0  0  0  0  0  0  0  0  0  0  0  0
  1 10  1  0  0  0  0
  2 11  1  0  0  0  0
  3 12  1  0  0  0  0
  4 12  1  0  0  0  0
  5 13  1  0  0  0  0
  6 14  1  0  0  0  0
  7 15  1  0  0  0  0
  8  9  1  0  0  0  0
  8 10  1  0  0  0  0
  8 13  1  0  0  0  0
  8 18  1  0  0  0  0
  9 11  1  0  0  0  0
  9 16  1  0  0  0  0
  9 19  1  0  0  0  0
 10 12  1  0  0  0  0
 10 14  1  0  0  0  0
 11 12  1  0  0  0  0
 11 15  1  0  0  0  0
 13 17  1  0  0  0  0
 13 20  1  0  0  0  0
 14 15  2  0  0  0  0
 16 17  2  0  0  0  0
 16 21  1  0  0  0  0
 17 22  1  0  0  0  0
M  END
> <PUBCHEM_BONDANNOTATIONS>
10  1  3
11  2  3
13  5  3
8  10  3
9  16  3

$$$$
