6901
  Marvin  12300703363D          

 10  9  0  0  0  0            999 V2000
    0.5940    1.8445    1.4332 Cl  0  0  0  0  0  0  0  0  0  0  0  0
    2.3482   -0.1458   -0.5229 Cl  0  0  0  0  0  0  0  0  0  0  0  0
   -1.7792    2.5966   -0.5318 Cl  0  0  0  0  0  0  0  0  0  0  0  0
   -1.4403    0.2479   -1.9125 Cl  0  0  0  0  0  0  0  0  0  0  0  0
    1.1570   -2.9558    0.3392 Cl  0  0  0  0  0  0  0  0  0  0  0  0
   -1.2033   -1.7741    1.0946 Cl  0  0  0  0  0  0  0  0  0  0  0  0
    0.1059    0.8442    0.1849 C   0  0  0  0  0  0  0  0  0  0  0  0
    0.8045   -0.3185    0.0968 C   0  0  0  0  0  0  0  0  0  0  0  0
   -0.9045    1.1840   -0.6415 C   0  0  0  0  0  0  0  0  0  0  0  0
    0.3176   -1.5228    0.4599 C   0  0  0  0  0  0  0  0  0  0  0  0
  1  7  1  0  0  0  0
  2  8  1  0  0  0  0
  3  9  1  0  0  0  0
  4  9  1  0  0  0  0
  5 10  1  0  0  0  0
  6 10  1  0  0  0  0
  7  8  1  0  0  0  0
  7  9  2  0  0  0  0
  8 10  2  0  0  0  0
M  END
$$$$
