8192
  Marvin  12300703363D          

 38 37  0  0  0  0            999 V2000
    7.2579   -4.4702    0.0000 Cl  0  0  0  0  0  0  0  0  0  0  0  0
    0.7533   -0.0167   -0.0000 C   0  0  0  0  0  0  0  0  0  0  0  0
   -0.7903    0.0143    0.0000 C   0  0  0  0  0  0  0  0  0  0  0  0
    1.3075   -1.4598   -0.0000 C   0  0  0  0  0  0  0  0  0  0  0  0
   -1.3445    1.4572    0.0000 C   0  0  0  0  0  0  0  0  0  0  0  0
    2.8519   -1.4965   -0.0000 C   0  0  0  0  0  0  0  0  0  0  0  0
   -2.8889    1.4952   -0.0000 C   0  0  0  0  0  0  0  0  0  0  0  0
    3.4066   -2.9407    0.0000 C   0  0  0  0  0  0  0  0  0  0  0  0
   -3.4394    2.9407    0.0000 C   0  0  0  0  0  0  0  0  0  0  0  0
    4.9525   -2.9926   -0.0000 C   0  0  0  0  0  0  0  0  0  0  0  0
   -4.9847    2.9995    0.0000 C   0  0  0  0  0  0  0  0  0  0  0  0
    5.4985   -4.4376    0.0000 C   0  0  0  0  0  0  0  0  0  0  0  0
   -5.5254    4.4440   -0.0000 C   0  0  0  0  0  0  0  0  0  0  0  0
    1.1239    0.5097    0.8842 H   0  0  0  0  0  0  0  0  0  0  0  0
    1.1239    0.5097   -0.8842 H   0  0  0  0  0  0  0  0  0  0  0  0
   -1.1609   -0.5119   -0.8843 H   0  0  0  0  0  0  0  0  0  0  0  0
   -1.1609   -0.5119    0.8843 H   0  0  0  0  0  0  0  0  0  0  0  0
    0.9343   -1.9846    0.8841 H   0  0  0  0  0  0  0  0  0  0  0  0
    0.9343   -1.9846   -0.8841 H   0  0  0  0  0  0  0  0  0  0  0  0
   -0.9709    1.9819    0.8841 H   0  0  0  0  0  0  0  0  0  0  0  0
   -0.9709    1.9819   -0.8841 H   0  0  0  0  0  0  0  0  0  0  0  0
    3.2216   -0.9692   -0.8839 H   0  0  0  0  0  0  0  0  0  0  0  0
    3.2216   -0.9692    0.8839 H   0  0  0  0  0  0  0  0  0  0  0  0
   -3.2598    0.9687   -0.8840 H   0  0  0  0  0  0  0  0  0  0  0  0
   -3.2598    0.9687    0.8840 H   0  0  0  0  0  0  0  0  0  0  0  0
    3.0295   -3.4633   -0.8835 H   0  0  0  0  0  0  0  0  0  0  0  0
    3.0295   -3.4633    0.8835 H   0  0  0  0  0  0  0  0  0  0  0  0
   -3.0609    3.4622    0.8837 H   0  0  0  0  0  0  0  0  0  0  0  0
   -3.0609    3.4622   -0.8837 H   0  0  0  0  0  0  0  0  0  0  0  0
    5.3261   -2.4685   -0.8841 H   0  0  0  0  0  0  0  0  0  0  0  0
    5.3261   -2.4685    0.8841 H   0  0  0  0  0  0  0  0  0  0  0  0
   -5.3684    2.4815    0.8831 H   0  0  0  0  0  0  0  0  0  0  0  0
   -5.3684    2.4815   -0.8831 H   0  0  0  0  0  0  0  0  0  0  0  0
    5.1504   -4.9721    0.8860 H   0  0  0  0  0  0  0  0  0  0  0  0
    5.1504   -4.9721   -0.8860 H   0  0  0  0  0  0  0  0  0  0  0  0
   -6.6159    4.4332    0.0000 H   0  0  0  0  0  0  0  0  0  0  0  0
   -5.1846    4.9805    0.8877 H   0  0  0  0  0  0  0  0  0  0  0  0
   -5.1846    4.9805   -0.8877 H   0  0  0  0  0  0  0  0  0  0  0  0
  1 12  1  0  0  0  0
  2  3  1  0  0  0  0
  2  4  1  0  0  0  0
  2 14  1  0  0  0  0
  2 15  1  0  0  0  0
  3  5  1  0  0  0  0
  3 16  1  0  0  0  0
  3 17  1  0  0  0  0
  4  6  1  0  0  0  0
  4 18  1  0  0  0  0
  4 19  1  0  0  0  0
  5  7  1  0  0  0  0
  5 20  1  0  0  0  0
  5 21  1  0  0  0  0
  6  8  1  0  0  0  0
  6 22  1  0  0  0  0
  6 23  1  0  0  0  0
  7  9  1  0  0  0  0
  7 24  1  0  0  0  0
  7 25  1  0  0  0  0
  8 10  1  0  0  0  0
  8 26  1  0  0  0  0
  8 27  1  0  0  0  0
  9 11  1  0  0  0  0
  9 28  1  0  0  0  0
  9 29  1  0  0  0  0
 10 12  1  0  0  0  0
 10 30  1  0  0  0  0
 10 31  1  0  0  0  0
 11 13  1  0  0  0  0
 11 32  1  0  0  0  0
 11 33  1  0  0  0  0
 12 34  1  0  0  0  0
 12 35  1  0  0  0  0
 13 36  1  0  0  0  0
 13 37  1  0  0  0  0
 13 38  1  0  0  0  0
M  END
$$$$
